1.808614	1.811614	2
1.818614	1.988614	1
2.175614	2.179614	2
2.183614	2.332614	1
2.334614	2.348614	2
4.386175	4.638175	1
4.881175	4.957175	1
5.200175	5.280175	1
5.547175	5.681175	1
5.867175	5.873175	2
5.878175	5.951175	2
5.960175	5.987175	2
6.023175	6.207175	2
6.213175	6.246175	2
6.276175	6.288175	2
6.299175	6.508175	1
6.820175	6.823175	2
6.834175	6.883175	1
6.937175	6.999175	1
7.051175	7.110175	1
7.544175	7.712175	1
7.886175	7.894175	2
7.911175	7.945175	2
7.956175	7.977175	2
8.035175	8.040175	2
8.048175	8.115175	1
8.134175	8.216175	1
8.281175	8.332175	1
9.092175	9.270175	1
9.272175	9.329175	1
9.523175	9.625175	1
9.740175	9.870175	1
10.097175	10.228175	2
10.230175	10.268175	2
10.289175	10.384175	2
10.451175	10.462175	2
10.658175	10.667175	2
10.684175	10.694175	2
10.720175	10.729175	2
10.796175	10.801175	2
10.875175	10.883175	2
10.888175	10.904175	2
10.907175	10.946175	2
10.960175	10.979175	2
10.986175	10.999175	2
11.009175	11.012175	2
11.023175	11.034175	2
11.075175	11.078175	2
11.102175	11.105175	2
11.222175	11.277175	2
11.285175	11.335175	2
11.341175	11.384175	2
11.388175	11.394175	2
11.404175	11.408175	2
11.421175	11.438175	2
11.462175	11.466175	2
11.474175	11.481175	2
11.486175	11.501175	2
11.529175	11.538175	2
11.562175	11.568175	2
11.612175	11.617175	2
11.640175	11.656175	2
11.664175	11.730175	1
11.793175	12.020175	1
12.168175	12.174175	2
12.176175	12.228175	1
12.232175	12.245175	1
12.255175	12.358175	1
12.536175	12.643175	1
12.752175	12.898175	1
13.105175	13.423175	1
13.434175	13.442175	2
13.602175	13.607175	2
13.611175	13.661175	1
13.917175	13.985175	1
14.513175	14.683175	2
14.685175	14.691175	2
14.693175	14.770175	2
14.773175	14.777175	2
14.795175	14.809175	2
14.816175	14.894175	2
14.992175	15.010175	2
15.314175	15.321175	2
15.331175	15.484175	1
15.488175	15.523175	1
15.774175	15.933175	1
15.935175	16.043175	1
16.391175	16.655175	1
16.754175	16.827175	1
16.836175	16.839175	2
16.934175	17.247175	1
17.499175	17.502175	2
17.506175	17.649175	1
17.737175	17.742175	2
17.748175	17.789175	1
17.798175	17.806175	2
18.001175	18.094175	1
18.431175	18.909175	1
19.037175	19.041175	2
19.043175	19.191175	1
19.240175	19.250175	2
19.255175	19.306175	1
19.309175	19.319175	2
19.375175	19.465175	1
19.507175	19.525175	1
19.530175	19.534175	2
19.779175	19.783175	2
19.785175	19.802175	2
19.808175	19.836175	1
19.840175	20.043175	1
20.175175	20.414175	1
20.506175	20.514175	2
20.521175	20.544175	1
20.615175	20.619175	2
20.635175	20.675175	1
20.733175	20.769175	1
20.790175	20.800175	1
20.819175	20.831175	1
20.833175	20.846175	1
20.867175	20.878175	1
20.880175	20.893175	1
20.916175	20.952175	1
21.091175	21.175175	2
21.183175	21.186175	2
21.189175	21.239175	2
21.254175	21.298175	2
21.308175	21.314175	2
21.325175	21.449175	1
21.527175	21.544175	1
21.549175	21.637175	1
21.715175	21.733175	2
21.744175	21.794175	2
21.797175	21.830175	2
21.881175	21.887175	2
21.892175	21.901175	2
21.904175	21.909175	2
21.917175	21.929175	2
21.931175	21.965175	2
22.001175	22.046175	2
22.054175	22.102175	2
22.116175	22.145175	2
22.163175	22.191175	1
22.194175	22.229175	2
22.244175	22.272175	2
22.280175	22.307175	1
22.346175	22.358175	2
22.368175	22.457175	2
22.522175	22.537175	2
22.548175	22.643175	1
22.713175	22.736175	1
22.739175	22.754175	1
22.780175	22.819175	1
22.880175	22.903175	1
22.953175	22.991175	1
22.997175	23.028175	1
23.031175	23.056175	1
23.079175	23.111175	1
23.190175	23.335175	1
23.417175	23.421175	2
23.431175	23.461175	1
23.567175	23.712175	1
23.988175	24.071175	1
24.145175	24.200175	1
24.202175	24.313175	1
24.380175	24.386175	2
24.392175	24.539175	1
24.548175	24.551175	2
24.689175	24.809175	1
24.811175	24.842175	1
24.844175	25.017175	1
25.023175	25.117175	1
25.120175	25.160175	1
25.253175	25.295175	2
25.306175	25.368175	2
25.399175	25.402175	2
25.412175	25.494175	1
25.504175	25.687175	1
25.723175	25.730175	2
25.737175	25.767175	1
25.827175	25.890175	1
25.965175	26.124175	1
26.136175	26.141175	2
26.146175	26.150175	2
26.165175	26.172175	2
26.197175	26.232175	1
26.255175	26.274175	2
26.285175	26.480175	1
26.487175	26.520175	1
26.586175	26.593175	2
26.632175	26.668175	2
26.676175	26.747175	2
26.751175	26.761175	2
26.766175	26.784175	2
26.787175	26.852175	2
26.854175	27.014175	1
27.016175	27.040175	1
27.046175	27.051175	2
27.083175	27.104175	2
27.108175	27.126175	2
27.140175	27.167175	2
27.170175	27.193175	2
27.199175	27.238175	2
27.255175	27.261175	2
27.266175	27.284175	2
27.289175	27.318175	2
27.336175	27.358175	2
27.452175	27.458175	2
27.470175	27.475175	2
27.483175	27.506175	1
27.552175	27.554175	2
27.566175	27.589175	1
27.602175	27.615175	1
27.634175	27.640175	2
27.668175	27.717175	1
27.728175	27.770175	1
27.804175	27.808175	2
27.817175	27.858175	1
27.866175	27.878175	1
27.881175	27.896175	1
27.900175	27.911175	1
27.915175	27.924175	1
27.949175	27.981175	1
28.045175	28.190175	1
28.341175	28.368175	1
28.373175	28.446175	1
28.448175	28.468175	1
28.520175	28.525175	2
28.527175	28.531175	2
28.539175	28.712175	1
28.719175	28.723175	2
28.728175	28.961175	1
28.963175	29.004175	1
29.323175	29.396175	1
29.399175	29.448175	1
29.505175	29.531175	1
29.533175	29.536175	2
29.584175	29.624175	1
29.635175	29.643175	1
29.649175	29.658175	1
29.681175	29.692175	1
29.694175	29.710175	1
29.839175	29.971175	1
29.985175	29.988175	2
29.996175	30.006175	2
30.020175	30.047175	1
30.098175	30.104175	2
30.118175	30.155175	1
30.164175	30.231175	1
30.264175	30.314175	1
30.318175	30.502175	1
30.547175	30.562175	2
30.579175	30.601175	2
30.604175	30.607175	2
30.626175	30.660175	2
30.678175	30.682175	2
30.926175	30.980175	1
30.984175	31.072175	1
31.115175	31.120175	2
31.128175	31.185175	1
31.190175	31.256175	1
31.307175	31.324175	1
31.329175	31.342175	1
31.344175	31.367175	1
31.468175	31.629175	1
31.669175	31.677175	2
31.682175	31.708175	2
31.728175	31.740175	2
31.745175	31.748175	2
31.758175	31.769175	2
31.782175	31.940175	1
31.944175	31.977175	1
32.023175	32.033175	2
32.039175	32.063175	2
32.085175	32.091175	2
32.097175	32.146175	2
32.148175	32.198175	2
32.209175	32.220175	2
32.225175	32.257175	2
32.259175	32.262175	2
32.278175	32.313175	2
32.390175	32.395175	2
32.406175	32.436175	1
32.441175	32.462175	1
32.554175	32.577175	1
32.583175	32.599175	1
32.620175	32.676175	1
32.690175	32.720175	1
32.722175	32.736175	1
32.740175	32.750175	1
32.753175	32.776175	1
32.796175	32.826175	1
32.882175	33.010175	1
33.219175	33.382175	1
33.399175	33.403175	1
33.512175	33.519175	2
33.916175	33.920175	2
33.929175	33.937175	2
33.941175	34.010175	1
34.093175	34.402175	1
34.407175	34.510175	1
34.520175	34.646175	1
34.920175	34.926175	2
34.933175	34.947175	2
34.953175	35.113175	1
35.191175	35.334175	1
35.660175	35.668175	2
35.672175	35.686175	2
35.690175	35.717175	2
35.724175	35.731175	2
35.734175	35.905175	1
35.914175	35.918175	2
36.218175	36.370175	1
36.626175	36.755175	2
36.761175	36.783175	2
36.788175	36.894175	2
36.897175	36.900175	2
36.903175	37.095175	1
37.105175	37.126175	1
37.135175	37.140175	2
37.258175	37.262175	2
37.264175	37.489175	1
37.528175	37.532175	2
37.544175	37.793175	1
38.027175	38.033175	2
38.038175	38.126175	1
38.189175	38.482175	1
38.486175	38.544175	1
38.627175	38.632175	2
38.645175	38.666175	1
38.672175	38.823175	1
38.838175	38.848175	1
38.854175	38.858175	2
39.082175	39.299175	2
39.328175	39.355175	2
39.358175	39.361175	2
39.381175	39.407175	2
39.409175	39.441175	2
39.476175	39.486175	2
39.494175	39.530175	1
39.533175	39.701175	1
39.704175	39.751175	1
39.756175	39.763175	2
40.052175	40.098175	1
40.282175	40.432175	1
40.483175	40.487175	2
40.490175	40.502175	2
40.561175	40.564175	2
40.571175	40.661175	1
40.797175	40.874175	1
40.910175	40.916175	2
40.940175	40.947175	2
40.956175	40.964175	2
40.966175	41.023175	1
41.091175	41.235175	1
41.300175	41.315175	2
41.335175	41.342175	2
41.431175	41.439175	2
41.442175	41.460175	2
41.466175	41.559175	2
41.577175	41.607175	2
41.623175	41.742175	2
41.814175	41.819175	2
41.837175	42.034175	1
42.039175	42.061175	1
42.064175	42.092175	1
42.327175	42.334175	2
42.342175	42.449175	1
42.493175	42.503175	2
42.556175	42.568175	2
42.570175	42.573175	2
42.931175	42.934175	2
42.941175	43.006175	1
43.073175	43.076175	2
43.091175	43.368175	1
43.581175	43.584175	2
43.587175	43.590175	2
43.594175	43.663175	1
43.858175	43.863175	2
43.945175	43.981175	2
43.986175	44.153175	1
44.323175	44.327175	2
44.334175	44.390175	1
44.433175	44.504175	1
44.577175	44.590175	2
44.700175	44.704175	2
44.709175	44.806175	2
44.815175	44.918175	2
44.920175	45.152175	1
45.155175	45.160175	2
45.235175	45.241175	2
45.255175	45.315175	2
45.334175	45.338175	2
45.406175	45.413175	2
45.446175	45.533175	1
47.817529	47.910529	1
47.974529	48.202529	1
48.377529	48.505529	1
48.615529	48.700529	1
48.833529	48.886529	1
49.023529	49.169529	1
49.301529	49.444529	1
49.950529	49.955529	2
49.963529	49.966529	2
49.971529	50.115529	1
50.117529	50.149529	1
50.266529	50.274529	2
50.277529	50.530529	1
50.604529	50.836529	1
50.840529	50.848529	2
51.131529	51.270529	1
51.313529	51.323529	2
51.326529	51.468529	1
53.096993	53.283993	1
53.285993	53.320993	1
53.492993	53.719993	1
53.808993	53.811993	2
53.819993	53.844993	1
53.850993	53.870993	1
53.888993	53.924993	1
53.989993	54.014993	1
54.087993	54.090993	2
54.109993	54.138993	1
54.781667	54.787667	2
54.790667	54.957667	1
54.960667	55.012667	1
55.188667	55.276667	1
55.284667	55.290667	2
55.298667	55.306667	2
55.333667	55.337667	2
55.379667	55.472667	2
55.478667	55.486667	2
55.488667	55.527667	2
55.544667	55.604667	2
55.608667	55.612667	2
55.619667	55.632667	2
55.636667	55.744667	1
55.748667	55.767667	1
55.780667	55.786667	2
55.815667	55.825667	2
55.829667	55.832667	2
55.846667	55.850667	2
55.856667	55.895667	2
55.898667	55.903667	2
55.919667	55.956667	2
55.972667	56.159667	1
56.228667	56.239667	2
56.258667	56.301667	2
56.307667	56.360667	2
56.384667	56.395667	2
56.397667	56.435667	2
56.442667	56.448667	2
56.454667	56.496667	2
56.511667	56.523667	2
56.529667	56.562667	2
56.569667	56.580667	2
56.624667	56.643667	1
56.649667	56.660667	2
56.693667	56.695667	2
56.716667	56.760667	1
56.807667	56.833667	1
56.892667	56.915667	1
56.955667	56.972667	2
56.975667	57.023667	1
57.041667	57.060667	1
57.375667	57.387667	2
57.391667	57.425667	1
57.430667	57.484667	1
57.488667	57.496667	2
57.525667	57.530667	2
57.650667	57.714667	1
57.742667	57.744667	1
57.754667	57.777667	1
57.782667	57.787667	1
57.796667	57.800667	1
57.804667	57.823667	1
57.904667	57.929667	1
57.933667	58.057667	1
58.296667	58.512667	1
58.517667	58.593667	1
58.650667	58.689667	1
58.711667	58.808667	1
58.863667	58.867667	2
58.875667	59.106667	1
59.320667	59.433667	1
59.512667	59.650667	1
59.832667	59.859667	2
59.864667	59.900667	2
60.441667	60.638667	1
60.647667	60.674667	1
60.755667	60.897667	1
61.028667	61.093667	1
61.099667	61.109667	2
61.439667	61.445667	2
61.449667	61.454667	2
61.459667	61.616667	1
61.777667	61.934667	1
62.048667	62.163667	1
62.571667	62.580667	2
62.591667	62.710667	1
62.712667	62.722667	1
62.725667	62.733667	1
62.737667	62.763667	1
62.792667	62.795667	2
62.818667	62.919667	1
63.650667	63.841667	1
64.024667	64.176667	1
64.388667	64.398667	2
64.403667	64.512667	1
64.644667	64.650667	2
64.678667	64.775667	1
64.786667	64.792667	2
64.822667	64.850667	2
64.865667	64.899667	1
64.909667	64.915667	2
64.918667	64.929667	2
64.934667	64.968667	1
64.973667	64.980667	2
64.983667	64.987667	2
65.039667	65.228667	1
65.235667	65.244667	2
65.249667	65.301667	1
65.311667	65.319667	2
65.323667	65.340667	2
65.362667	65.395667	2
65.421667	65.427667	2
65.430667	65.465667	2
65.473667	65.511667	1
65.726667	65.807667	1
65.869667	65.872667	2
65.879667	65.964667	1
65.967667	66.208667	1
66.392667	66.417667	1
66.526667	66.535667	2
66.545667	66.649667	1
66.753667	66.847667	1
67.202667	67.353667	1
67.382667	67.429667	1
67.509667	67.534667	1
67.545667	67.557667	2
67.583667	67.607667	1
67.653667	67.657667	2
67.674667	67.698667	1
67.758667	67.771667	1
67.777667	67.785667	1
67.861667	67.895667	1
67.898667	67.908667	1
67.910667	67.923667	1
68.036667	68.237667	1
68.277667	68.313667	2
68.329667	68.338667	2
68.342667	68.345667	2
68.355667	68.554667	1
68.559667	68.585667	1
68.719667	68.732667	2
68.735667	68.740667	2
68.742667	68.746667	2
68.764667	68.770667	2
68.775667	68.790667	2
68.793667	68.796667	2
68.824667	68.827667	2
68.910667	68.973667	1
69.297667	69.384667	1
69.485667	69.843667	1
69.859667	69.988667	1
70.182667	70.251667	1
70.269667	70.273667	2
70.350667	70.469667	1
70.645667	70.649667	2
70.692667	70.696667	2
70.708667	70.856667	1
70.955667	71.119667	1
71.127667	71.244667	1
71.332667	71.370667	1
71.417667	71.444667	1
71.468667	71.474667	2
71.493667	71.532667	1
71.536667	71.539667	2
71.582667	71.746667	1
71.892667	71.898667	2
71.928667	72.092667	1
72.095667	72.137667	1
72.254667	72.284667	2
72.305667	72.312667	2
72.321667	72.334667	2
72.351667	72.358667	2
72.837667	72.863667	1
72.868667	72.872667	2
72.877667	72.882667	2
72.997667	73.080667	1
73.093667	73.227667	1
73.318667	73.320667	2
73.332667	73.495667	1
73.519667	73.593667	2
73.599667	73.608667	2
73.632667	73.637667	2
73.656667	73.782667	1
73.841667	73.844667	2
73.855667	73.866667	2
74.799667	74.838667	1
74.853667	74.877667	1
74.998667	75.356667	1
75.942667	76.021667	1
76.023667	76.169667	1
76.861667	77.050667	1
79.813083	79.909083	1
80.008083	80.011083	2
80.021083	80.064083	1
80.069083	80.077083	1
80.082083	80.093083	1
80.097083	80.107083	1
80.116083	80.126083	1
80.130083	80.142083	1
80.226083	80.349083	1
80.351083	80.370083	1
80.484083	80.493083	2
80.499083	80.516083	2
80.532083	80.572083	2
80.578083	80.619083	2
80.628083	80.676083	1
80.697083	80.802083	1
81.985788	82.066788	1
82.183788	82.241788	1
82.249788	82.507788	1
82.580788	82.582788	2
82.599788	82.628788	1
82.741788	82.775788	1
82.835788	83.022788	1
83.495889	83.528889	1
83.561889	83.565889	2
83.649889	83.687889	1
83.711889	83.752889	1
83.814889	83.837889	1
83.932889	83.965889	1
83.967889	83.977889	2
83.984889	83.990889	2
84.159889	84.173889	2
84.175889	84.205889	1
84.222889	84.270889	1
84.277889	84.397889	1
84.544889	84.793889	1
85.102889	85.123889	1
85.213889	85.241889	1
85.409889	85.412889	2
85.417889	85.422889	2
85.497889	85.601889	1
85.685889	85.918889	1
85.923889	86.045889	1
86.299889	86.492889	1
86.494889	86.529889	1
86.674889	86.749889	1
86.751889	86.761889	2
86.786889	86.799889	2
87.071889	87.080889	1
87.082889	87.134889	1
87.140889	87.281889	1
87.289889	87.297889	2
87.359889	87.362889	2
87.685889	87.802889	1
87.843889	87.846889	2
87.861889	87.979889	1
87.996889	88.099889	1
88.166889	88.189889	1
88.247889	88.259889	2
88.267889	88.529889	1
88.531889	88.589889	1
88.648889	88.651889	2
88.660889	88.680889	1
88.781889	88.808889	1
88.863889	88.887889	1
88.929889	88.934889	2
88.949889	89.201889	1
89.252889	89.272889	2
89.320889	89.325889	2
89.328889	89.333889	2
89.344889	89.353889	2
89.365889	89.434889	1
89.438889	89.448889	2
89.620889	89.637889	2
89.639889	89.755889	1
89.757889	89.823889	1
89.901889	89.933889	1
90.011889	90.295889	1
90.328889	90.420889	1
90.716889	90.827889	1
90.904889	91.047889	1
91.055889	91.142889	1
91.301889	91.486889	1
91.511889	91.629889	1
91.734889	91.759889	1
91.803889	91.807889	2
91.822889	91.873889	1
91.915889	91.929889	1
91.931889	91.950889	1
92.009889	92.241889	1
92.246889	92.358889	1
92.382889	92.464889	1
92.637889	92.679889	1
92.725889	92.731889	2
92.746889	92.751889	2
92.754889	92.840889	1
92.842889	92.939889	1
92.955889	93.060889	1
93.105889	93.196889	1
93.266889	93.289889	1
93.296889	93.311889	1
93.331889	93.345889	1
93.568889	93.574889	2
93.586889	93.778889	1
93.781889	94.002889	1
94.031889	94.064889	2
94.068889	94.073889	2
94.077889	94.080889	2
94.135889	94.142889	2
94.145889	94.258889	1
94.260889	94.533889	1
94.535889	94.567889	1
94.632889	94.639889	2
94.649889	94.669889	1
94.718889	94.751889	1
94.811889	94.820889	2
94.837889	94.845889	2
94.848889	95.019889	1
95.021889	95.157889	1
95.168889	95.173889	2
95.182889	95.236889	1
95.238889	95.267889	1
95.424889	95.434889	2
95.442889	95.491889	1
95.541889	95.547889	2
95.558889	95.566889	2
95.570889	95.572889	2
95.578889	95.756889	1
95.764889	95.825889	1
95.924889	95.929889	2
95.931889	95.992889	1
95.995889	96.011889	2
96.037889	96.040889	2
96.084889	96.280889	1
96.283889	96.461889	1
96.542889	96.556889	2
96.568889	96.649889	1
96.658889	96.669889	2
96.718889	96.961889	1
96.964889	96.970889	2
97.000889	97.010889	2
97.014889	97.027889	2
97.064889	97.097889	2
97.099889	97.165889	2
97.242889	97.254889	2
97.264889	97.278889	2
97.308889	97.314889	2
97.330889	97.337889	2
97.358889	97.521889	1
97.542889	97.549889	2
97.583889	97.666889	1
97.720889	97.729889	2
97.734889	97.907889	1
97.931889	97.988889	2
97.996889	98.032889	1
98.036889	98.042889	2
98.047889	98.066889	2
98.071889	98.087889	2
98.099889	98.292889	1
98.326889	98.330889	2
98.333889	98.380889	2
98.383889	98.398889	2
98.403889	98.431889	2
98.433889	98.488889	2
98.490889	98.617889	2
98.628889	98.644889	2
98.654889	98.699889	2
98.706889	98.710889	2
98.714889	98.752889	2
98.758889	98.776889	2
98.789889	98.800889	2
98.820889	98.854889	1
98.918889	98.936889	1
98.954889	98.964889	2
98.984889	99.055889	2
99.062889	99.077889	2
99.079889	99.150889	2
99.154889	99.177889	2
99.230889	99.388889	1
99.418889	99.423889	2
99.433889	99.439889	2
99.447889	99.474889	1
99.478889	99.564889	1
99.662889	99.672889	2
99.676889	99.682889	2
99.684889	99.923889	1
100.000889	100.004889	2
100.183889	100.186889	2
100.199889	100.429889	1
100.512889	100.529889	2
100.538889	100.812889	1
101.067889	101.076889	2
101.084889	101.154889	1
101.166889	101.207889	1
101.212889	101.359889	1
101.373889	101.493889	1
101.506889	101.510889	2
101.547889	101.557889	2
101.576889	101.811889	1
102.180889	102.187889	2
102.191889	102.258889	1
102.280889	102.393889	1
102.401889	102.496889	1
102.500889	102.669889	1
102.720889	102.733889	2
102.741889	102.744889	2
102.767889	102.770889	2
102.775889	102.824889	2
102.837889	102.858889	2
102.945889	102.947889	2
102.958889	102.964889	2
102.966889	103.229889	1
103.253889	103.260889	2
103.266889	103.277889	2
103.395889	103.401889	2
103.431889	103.434889	2
103.441889	103.531889	1
103.635889	103.640889	2
103.661889	103.693889	2
103.696889	103.710889	2
103.716889	103.723889	2
103.725889	103.762889	2
103.811889	103.816889	2
103.819889	103.828889	2
103.870889	103.875889	2
103.888889	104.100889	1
104.463889	104.469889	2
104.500889	104.511889	2
104.528889	104.706889	1
104.717889	104.724889	2
104.737889	104.753889	2
104.755889	104.775889	2
104.778889	104.781889	2
104.815889	104.825889	2
104.841889	104.850889	2
104.859889	104.872889	2
104.999889	105.004889	2
105.065889	105.084889	2
105.088889	105.116889	1
105.225889	105.263889	1
105.270889	105.456889	1
105.462889	105.606889	1
105.631889	105.643889	2
105.658889	105.697889	1
105.708889	105.714889	2
105.746889	106.005889	1
106.143889	106.170889	2
106.201889	106.206889	2
106.285889	106.322889	1
106.336889	106.353889	1
106.364889	106.432889	1
106.634889	106.639889	2
106.687889	106.900889	1
106.905889	106.908889	2
106.942889	106.946889	2
107.093889	107.102889	2
107.131889	107.143889	2
107.189889	107.200889	2
107.205889	107.339889	1
107.405889	107.441889	1
107.444889	107.523889	1
107.568889	107.571889	2
107.577889	107.609889	1
107.613889	107.616889	2
107.679889	107.862889	1
108.199889	108.402889	1
108.408889	108.442889	1
108.756889	108.762889	2
108.767889	108.793889	1
108.805889	108.817889	1
108.910889	109.169889	1
109.176889	109.187889	2
109.189889	109.194889	2
109.217889	109.238889	2
109.255889	109.337889	2
109.360889	109.365889	2
109.396889	109.422889	2
109.470889	109.477889	2
109.480889	109.485889	2
109.554889	109.613889	1
109.615889	109.770889	1
109.772889	109.816889	1
109.879889	109.887889	2
109.905889	110.115889	1
110.285889	110.291889	2
110.481889	110.529889	1
110.617889	110.688889	1
110.695889	111.060889	1
111.065889	111.069889	2
111.078889	111.141889	2
111.144889	111.171889	2
111.174889	111.178889	2
111.188889	111.216889	2
111.232889	111.242889	2
111.244889	111.406889	1
111.416889	111.419889	2
111.429889	111.475889	2
111.477889	111.505889	1
111.512889	111.518889	2
111.534889	111.542889	2
111.546889	111.814889	1
111.874889	111.883889	2
111.909889	111.926889	2
112.132889	112.155889	1
112.168889	112.181889	1
112.208889	112.217889	2
112.221889	112.263889	2
112.282889	112.285889	2
112.300889	112.418889	1
112.423889	112.431889	2
112.444889	112.455889	2
112.494889	112.499889	2
112.506889	112.512889	2
112.678889	112.893889	1
112.921889	112.926889	2
112.949889	113.110889	1
113.125889	113.138889	2
113.152889	113.164889	2
113.175889	113.181889	2
113.186889	113.236889	2
113.248889	113.333889	2
113.351889	113.366889	2
113.369889	113.375889	2
113.378889	113.403889	2
113.408889	113.467889	1
113.470889	113.512889	1
113.543889	113.546889	2
113.564889	113.587889	1
113.590889	113.599889	2
113.624889	113.680889	1
113.721889	113.745889	1
113.750889	113.795889	2
113.808889	113.821889	2
113.823889	113.856889	2
113.862889	113.906889	2
113.914889	113.920889	2
114.014889	114.106889	1
114.113889	114.158889	2
114.195889	114.483889	1
114.502889	114.558889	2
114.562889	114.588889	2
114.613889	114.643889	2
114.652889	114.680889	2
114.682889	114.704889	2
114.712889	114.736889	1
114.743889	114.760889	1
114.767889	114.774889	2
114.788889	114.791889	2
114.795889	114.800889	2
114.866889	114.870889	2
114.884889	114.909889	2
114.914889	115.101889	1
115.193889	115.203889	2
115.227889	115.231889	2
115.237889	115.482889	1
115.514889	115.707889	1
115.885889	115.889889	2
115.894889	116.019889	1
116.036889	116.048889	2
116.126889	116.432889	1
116.436889	116.440889	2
116.453889	116.475889	2
116.480889	116.508889	1
116.514889	116.516889	2
116.566889	116.806889	1
116.819889	116.830889	2
116.851889	116.947889	2
116.977889	117.044889	2
117.047889	117.056889	2
117.070889	117.113889	2
117.123889	117.145889	2
117.153889	117.165889	2
117.176889	117.195889	2
117.279889	117.304889	2
117.314889	117.325889	2
117.345889	117.349889	2
117.391889	117.395889	2
117.429889	117.604889	1
117.633889	117.698889	1
117.705889	117.948889	1
117.950889	118.062889	2
118.072889	118.126889	2
118.139889	118.156889	2
118.231889	118.250889	1
118.264889	118.374889	1
118.390889	118.403889	2
118.424889	118.452889	2
118.456889	118.508889	2
118.511889	118.539889	2
118.542889	118.612889	2
118.616889	118.646889	2
118.655889	118.658889	2
118.661889	118.708889	2
118.712889	118.716889	2
118.739889	118.754889	2
118.767889	118.819889	1
118.833889	118.845889	2
118.850889	118.856889	2
118.887889	118.900889	2
118.912889	119.164889	1
119.212889	119.220889	2
119.229889	119.368889	1
119.385889	119.399889	2
119.435889	119.442889	2
119.611889	119.616889	2
119.625889	119.628889	2
119.637889	119.848889	1
119.850889	119.870889	2
119.887889	120.058889	1
120.070889	120.073889	2
120.075889	120.078889	2
120.083889	120.089889	2
120.114889	120.213889	1
120.255889	120.264889	2
120.284889	120.287889	2
120.303889	120.828889	1
120.839889	120.957889	1
120.978889	121.012889	1
121.014889	121.084889	1
121.098889	121.188889	2
121.193889	121.236889	2
121.239889	121.291889	2
121.293889	121.331889	2
121.333889	121.723889	1
121.725889	121.776889	2
121.780889	121.804889	2
121.814889	121.825889	2
121.827889	122.054889	1
122.064889	122.097889	2
122.099889	122.146889	2
122.150889	122.284889	2
122.296889	122.305889	2
122.311889	122.318889	2
122.327889	122.420889	1
122.424889	122.456889	2
122.463889	122.659889	1
122.666889	122.882889	1
122.884889	122.910889	1
122.913889	122.940889	1
122.969889	123.046889	2
123.052889	123.145889	2
123.156889	123.159889	2
123.199889	123.249889	1
123.259889	123.282889	1
123.329889	123.733889	1
123.752889	123.760889	2
123.764889	123.782889	2
123.786889	123.793889	2
123.799889	124.003889	1
124.014889	124.020889	2
124.024889	124.067889	2
124.072889	124.120889	2
124.122889	124.129889	2
124.133889	124.173889	2
124.183889	124.222889	2
124.228889	124.232889	2
124.236889	124.278889	2
124.326889	124.333889	2
124.350889	124.403889	1
124.407889	124.415889	2
124.512889	124.782889	1
124.837889	124.843889	2
124.862889	124.867889	2
125.131889	125.151889	2
125.155889	125.159889	2
125.169889	125.173889	2
125.235889	125.239889	2
125.259889	125.306889	1
125.311889	125.373889	1
125.427889	125.480889	1
125.483889	125.490889	2
125.493889	125.516889	1
125.519889	125.541889	2
125.564889	125.778889	1
125.783889	125.838889	1
125.891889	125.897889	2
125.900889	125.909889	2
125.911889	125.917889	2
125.944889	126.033889	2
126.035889	126.071889	2
126.075889	126.124889	2
126.126889	126.133889	2
126.178889	126.185889	2
126.199889	126.253889	1
126.357889	126.415889	1
126.429889	126.526889	1
126.529889	126.753889	1
126.783889	126.796889	2
126.814889	127.017889	1
127.024889	127.043889	2
127.049889	127.094889	2
127.111889	127.133889	2
127.135889	127.142889	2
127.145889	127.228889	2
127.231889	127.239889	2
127.247889	127.251889	2
127.256889	127.448889	1
127.452889	127.479889	1
127.489889	127.539889	2
127.542889	127.550889	2
127.561889	127.620889	1
127.622889	127.648889	1
127.665889	128.081889	1
128.120889	128.156889	2
128.163889	128.167889	2
128.179889	128.457889	1
128.472889	128.478889	2
128.488889	128.514889	2
128.531889	128.557889	2
128.560889	128.565889	2
128.581889	128.590889	2
128.593889	128.829889	1
128.882889	128.887889	2
128.891889	128.897889	2
129.200889	129.346889	1
129.365889	129.375889	2
129.385889	129.393889	2
129.398889	129.508889	1
129.510889	129.545889	1
129.554889	129.557889	2
129.581889	129.586889	2
129.589889	129.614889	2
129.619889	129.626889	2
129.644889	129.654889	2
129.680889	129.685889	2
129.687889	129.698889	2
129.700889	129.706889	2
129.713889	129.733889	2
129.737889	129.928889	1
129.933889	129.940889	2
129.982889	130.012889	2
130.017889	130.043889	2
130.050889	130.100889	2
130.102889	130.176889	2
130.181889	130.210889	2
130.215889	130.295889	2
130.324889	130.335889	2
130.339889	130.448889	1
130.450889	130.759889	1
130.764889	130.788889	1
130.794889	130.803889	2
130.807889	130.836889	2
130.844889	130.872889	2
130.874889	130.886889	2
130.911889	130.980889	2
130.985889	131.003889	2
131.006889	131.021889	2
131.038889	131.086889	2
131.101889	131.137889	2
131.143889	131.146889	2
131.151889	131.170889	2
131.173889	131.243889	2
131.250889	131.279889	2
131.299889	131.377889	1
131.398889	131.403889	2
131.424889	131.430889	2
131.459889	131.700889	1
131.705889	131.709889	2
131.737889	131.741889	2
131.792889	131.799889	2
131.820889	131.843889	2
131.863889	131.872889	2
131.887889	131.911889	1
131.951889	131.959889	2
131.968889	131.993889	2
131.995889	132.026889	1
132.029889	132.056889	1
132.061889	132.098889	1
132.100889	132.140889	1
132.153889	132.159889	2
132.180889	132.210889	2
132.212889	132.217889	2
132.222889	132.236889	1
132.246889	132.266889	1
132.274889	132.279889	2
132.371889	132.449889	1
132.459889	132.467889	1
132.478889	132.489889	1
132.491889	132.524889	1
132.576889	132.579889	2
132.723889	132.756889	2
132.763889	132.770889	2
132.804889	132.957889	1
133.002889	133.170889	1
133.174889	133.198889	1
133.204889	133.240889	1
133.245889	133.466889	1
133.499889	133.519889	2
133.521889	133.530889	2
133.543889	133.707889	1
133.821889	134.195889	1
134.199889	134.224889	2
134.257889	134.272889	2
134.278889	134.294889	2
134.296889	134.321889	2
134.345889	134.632889	1
134.657889	134.688889	2
134.714889	134.727889	2
134.780889	134.787889	2
134.826889	134.830889	2
134.840889	134.963889	1
134.989889	134.995889	2
135.001889	135.070889	2
135.086889	135.178889	2
135.183889	135.187889	2
135.191889	135.202889	2
135.204889	135.232889	1
135.237889	135.304889	1
135.306889	135.351889	2
135.358889	135.557889	1
135.561889	135.582889	1
135.584889	135.588889	2
135.617889	135.620889	2
135.628889	135.699889	2
135.706889	135.730889	2
135.735889	135.749889	2
135.757889	135.868889	2
135.879889	136.097889	1
136.101889	136.129889	1
136.152889	136.229889	2
136.232889	136.235889	2
136.243889	136.268889	2
136.284889	136.523889	1
136.528889	136.552889	1
136.601889	136.793889	1
136.795889	136.849889	1
136.895889	136.900889	2
136.912889	136.923889	2
136.934889	136.946889	2
136.949889	136.952889	2
136.956889	136.999889	2
137.008889	137.034889	2
137.038889	137.045889	2
137.050889	137.054889	2
137.107889	137.110889	2
137.116889	137.124889	2
137.131889	137.186889	1
137.264889	137.316889	1
137.330889	137.775889	1
137.782889	137.784889	2
137.793889	137.826889	2
137.831889	137.835889	2
137.842889	137.860889	2
137.924889	138.103889	1
138.111889	138.117889	2
138.139889	138.162889	2
138.168889	138.176889	2
138.190889	138.194889	2
138.197889	138.200889	2
138.204889	138.212889	2
138.217889	138.222889	2
138.226889	138.290889	2
138.303889	138.316889	2
138.325889	138.329889	2
138.390889	138.395889	2
138.458889	138.741889	1
138.756889	138.760889	2
138.783889	138.792889	2
138.802889	139.137889	1
139.232889	139.240889	2
139.259889	139.282889	2
139.290889	139.299889	2
139.303889	139.383889	2
139.385889	139.417889	2
139.445889	139.476889	2
139.535889	139.605889	1
139.621889	139.639889	1
139.645889	139.659889	1
139.742889	139.804889	1
139.814889	139.857889	1
139.866889	139.873889	2
139.882889	139.886889	2
139.941889	139.953889	1
139.967889	139.973889	2
139.982889	140.003889	1
140.102889	140.118889	2
140.120889	140.306889	1
140.333889	140.407889	1
140.433889	140.448889	2
140.465889	140.654889	1
140.657889	140.711889	1
140.716889	140.752889	2
140.773889	140.801889	2
140.838889	140.871889	2
140.898889	140.927889	2
140.930889	140.942889	2
141.067889	141.172889	1
141.190889	141.278889	1
141.297889	141.399889	1
141.410889	141.423889	2
141.425889	141.484889	1
141.494889	141.660889	1
141.672889	141.694889	2
141.698889	141.772889	2
141.786889	141.815889	2
141.946889	141.952889	2
141.959889	142.095889	1
142.149889	142.161889	2
142.165889	142.168889	2
142.194889	142.231889	2
142.248889	142.328889	2
142.346889	142.358889	2
142.376889	142.432889	1
142.505889	142.509889	2
142.516889	142.982889	1
142.994889	142.996889	2
143.023889	143.050889	2
143.055889	143.058889	2
143.063889	143.072889	2
143.077889	143.214889	1
143.242889	143.256889	2
143.262889	143.507889	1
143.525889	143.529889	2
143.547889	143.628889	2
143.660889	143.663889	2
143.668889	143.694889	2
143.729889	143.739889	2
143.761889	143.769889	2
143.775889	143.778889	2
143.797889	143.949889	1
143.952889	143.983889	2
144.027889	144.082889	2
144.084889	144.120889	2
144.126889	144.132889	2
144.143889	144.153889	2
144.267889	144.491889	1
144.494889	144.499889	1
144.507889	144.514889	1
144.543889	144.545889	2
144.548889	144.555889	2
144.559889	144.717889	1
144.743889	144.759889	2
144.766889	144.777889	2
144.783889	144.877889	1
144.938889	144.942889	2
145.011889	145.388889	1
145.495889	145.501889	2
145.558889	145.561889	2
145.574889	145.696889	1
145.707889	145.713889	2
145.718889	145.725889	2
145.803889	145.807889	2
145.827889	146.128889	1
146.136889	146.144889	2
146.150889	146.188889	2
146.285889	146.311889	1
146.314889	146.584889	1
146.605889	146.679889	1
146.700889	146.712889	2
146.716889	146.726889	2
146.729889	146.732889	2
146.745889	146.944889	1
146.952889	146.969889	2
146.975889	146.988889	2
147.306889	147.314889	2
147.319889	147.339889	1
147.353889	147.364889	2
147.407889	147.423889	2
147.479889	147.516889	1
147.518889	147.696889	1
147.700889	147.725889	2
147.774889	147.781889	2
147.792889	148.147889	1
148.151889	148.156889	2
148.165889	148.192889	2
148.195889	148.206889	2
148.208889	148.259889	2
148.275889	148.301889	2
148.386889	148.390889	2
148.401889	148.448889	1
148.457889	148.472889	2
148.526889	148.537889	2
148.542889	148.798889	1
148.853889	148.869889	2
148.903889	148.911889	2
148.917889	148.937889	2
148.994889	149.003889	2
149.019889	149.030889	2
149.032889	149.064889	2
149.116889	149.124889	2
149.174889	149.271889	1
149.339889	149.347889	2
149.351889	149.603889	1
149.626889	149.638889	2
149.649889	149.675889	2
149.679889	149.783889	2
149.787889	149.827889	2
149.840889	149.858889	2
149.860889	149.868889	2
149.883889	149.889889	2
149.891889	150.108889	1
150.119889	150.253889	1
150.262889	150.264889	2
150.283889	150.324889	2
150.329889	150.338889	2
150.341889	150.370889	2
150.379889	150.423889	2
150.430889	150.435889	2
150.451889	150.606889	1
150.626889	150.632889	2
150.651889	150.718889	2
150.721889	150.803889	2
150.806889	150.826889	2
150.874889	150.877889	2
150.886889	150.967889	1
150.983889	151.194889	1
151.197889	151.211889	2
151.221889	151.224889	2
151.234889	151.529889	1
151.557889	151.597889	2
151.602889	151.614889	2
151.616889	151.642889	2
151.644889	151.672889	2
151.679889	151.705889	2
151.708889	151.717889	2
151.749889	151.761889	2
151.771889	151.781889	2
151.787889	151.794889	2
151.797889	151.835889	1
151.842889	151.869889	1
151.884889	151.889889	2
151.945889	151.956889	2
151.958889	152.332889	1
152.336889	152.339889	2
152.355889	152.360889	2
153.051889	153.056889	2
153.079889	153.085889	2
153.087889	153.146889	1
153.153889	153.171889	2
153.309889	153.397889	1
153.415889	153.490889	1
153.501889	153.670889	1
153.755889	153.785889	1
154.204889	154.209889	2
154.216889	154.382889	1
154.389889	154.392889	2
154.394889	154.424889	1
154.434889	154.439889	2
154.525889	154.531889	2
154.533889	154.548889	2
154.550889	154.564889	2
154.566889	154.573889	2
154.591889	154.854889	1
154.864889	154.984889	1
155.000889	155.004889	2
155.071889	155.075889	2
155.085889	155.279889	1
155.282889	155.314889	1
155.671889	155.702889	1
155.754889	155.762889	2
155.798889	155.802889	2
155.811889	155.840889	1
155.912889	155.940889	2
155.948889	155.960889	2
155.967889	155.983889	2
155.993889	156.145889	1
156.175889	156.353889	1
156.372889	156.376889	2
156.398889	156.432889	2
156.438889	156.484889	2
156.528889	156.537889	2
156.564889	156.572889	2
156.574889	156.632889	1
156.694889	156.698889	2
156.715889	156.818889	1
156.833889	156.926889	1
156.932889	156.942889	1
156.944889	156.950889	2
156.952889	156.982889	1
156.989889	157.056889	1
157.070889	157.083889	1
157.089889	157.193889	1
157.207889	157.213889	2
157.223889	157.251889	1
157.255889	157.331889	1
157.469889	157.473889	2
157.573889	157.718889	1
157.746889	157.751889	2
157.834889	157.849889	2
157.854889	157.857889	2
157.861889	157.949889	2
157.954889	158.117889	1
158.120889	158.149889	1
158.180889	158.256889	2
158.258889	158.354889	2
158.364889	158.392889	2
158.395889	158.408889	2
158.417889	158.457889	2
158.459889	158.477889	2
158.491889	158.510889	2
158.516889	158.530889	2
158.553889	158.558889	2
158.571889	158.672889	1
158.730889	158.747889	2
158.759889	158.890889	1
158.919889	159.139889	1
159.141889	159.224889	1
159.266889	159.272889	2
159.296889	159.533889	1
159.649889	159.701889	2
159.714889	159.717889	2
159.724889	159.749889	2
159.843889	159.865889	1
159.878889	159.883889	1
159.885889	159.890889	1
160.039889	160.043889	2
160.045889	160.252889	1
160.291889	160.294889	2
160.570889	160.574889	2
160.585889	160.620889	1
160.634889	160.659889	1
160.747889	160.808889	1
160.812889	161.436889	1
161.494889	161.509889	2
161.590889	161.757889	1
161.765889	161.771889	2
161.794889	161.823889	2
161.829889	161.841889	2
161.844889	161.933889	2
161.939889	161.950889	2
161.979889	162.052889	1
162.057889	162.066889	2
162.068889	162.165889	1
162.178889	162.465889	1
162.475889	162.608889	1
162.657889	162.664889	2
162.687889	162.691889	2
162.693889	162.698889	2
162.703889	162.709889	2
162.724889	162.737889	2
162.758889	162.769889	2
162.802889	162.816889	2
162.866889	163.011889	1
163.020889	163.368889	1
163.372889	163.496889	1
163.636889	163.658889	2
163.660889	163.767889	1
163.797889	163.802889	2
163.823889	163.856889	2
163.862889	163.868889	2
163.876889	163.912889	2
163.914889	163.925889	2
163.935889	163.963889	2
163.994889	163.996889	2
164.020889	164.034889	2
164.037889	164.160889	1
164.163889	164.397889	1
164.411889	164.414889	2
164.426889	164.443889	2
164.456889	164.507889	1
164.510889	164.513889	2
164.563889	164.810889	1
164.846889	164.855889	2
164.864889	164.968889	1
164.975889	165.000889	2
165.047889	165.051889	2
165.058889	165.196889	1
165.198889	165.203889	2
165.215889	165.218889	2
165.230889	165.233889	2
165.243889	165.437889	1
165.439889	165.496889	1
165.513889	165.518889	2
165.554889	165.561889	2
165.580889	165.592889	2
165.596889	165.641889	2
165.650889	165.682889	2
165.685889	165.699889	2
165.709889	165.719889	2
165.723889	165.744889	2
165.825889	165.893889	1
165.958889	166.187889	1
166.332889	166.335889	2
166.452889	166.457889	2
166.473889	166.568889	1
166.609889	166.613889	2
166.620889	166.745889	1
166.751889	166.756889	2
166.787889	166.829889	2
166.832889	167.159889	1
167.466889	167.479889	2
167.483889	167.490889	2
167.562889	167.647889	1
167.653889	167.800889	1
167.803889	167.808889	2
167.910889	167.916889	2
167.925889	167.934889	2
167.945889	168.079889	1
168.096889	168.101889	2
168.107889	168.112889	2
168.115889	168.145889	2
168.184889	168.196889	2
168.198889	168.298889	1
168.306889	168.375889	2
168.385889	168.485889	2
168.487889	168.501889	2
168.506889	168.513889	2
168.522889	168.565889	1
168.569889	168.642889	1
168.648889	168.667889	1
168.691889	168.916889	1
168.919889	168.963889	1
168.974889	168.985889	2
169.018889	169.026889	2
169.070889	169.093889	2
169.099889	169.103889	2
169.110889	169.120889	2
169.122889	169.196889	2
169.199889	169.317889	1
169.319889	169.322889	2
169.335889	169.488889	1
169.502889	169.505889	2
169.507889	169.595889	1
170.189889	170.200889	2
170.205889	170.262889	1
170.427889	170.448889	2
170.465889	170.471889	2
170.475889	170.479889	2
170.483889	170.525889	2
170.528889	170.536889	2
170.541889	170.740889	1
170.745889	170.769889	1
170.821889	170.838889	2
170.849889	170.853889	2
170.863889	170.952889	1
170.959889	170.979889	2
170.982889	171.041889	2
171.043889	171.062889	2
171.071889	171.088889	2
171.093889	171.364889	1
171.411889	171.426889	2
171.466889	171.473889	2
171.505889	171.512889	2
171.516889	171.686889	1
171.688889	171.713889	1
171.715889	171.743889	1
171.758889	171.761889	2
171.781889	171.840889	2
171.842889	171.868889	2
171.872889	171.875889	2
171.887889	171.893889	2
171.898889	172.110889	1
172.112889	172.142889	1
172.323889	172.329889	2
172.370889	172.377889	2
172.388889	172.655889	1
172.693889	172.703889	2
172.708889	172.727889	2
172.736889	172.745889	2
172.755889	172.760889	2
172.763889	172.788889	2
172.794889	172.809889	2
172.820889	172.859889	2
172.863889	173.093889	1
173.121889	173.160889	2
173.173889	173.176889	2
173.187889	173.467889	1
173.488889	173.492889	2
173.514889	173.528889	2
173.536889	173.539889	2
173.542889	173.574889	2
173.583889	173.602889	2
173.611889	173.881889	1
173.891889	173.896889	2
173.903889	173.907889	2
173.917889	173.934889	2
173.946889	173.952889	2
173.956889	173.966889	2
173.970889	174.146889	1
174.188889	174.216889	2
174.236889	174.286889	2
174.292889	174.336889	2
174.347889	174.525889	1
174.540889	174.547889	2
174.561889	174.566889	2
174.570889	174.582889	2
174.587889	174.727889	1
174.751889	174.755889	2
174.760889	174.840889	2
174.844889	174.849889	2
174.854889	174.871889	2
174.888889	174.913889	2
174.920889	175.148889	1
175.150889	175.154889	2
175.184889	175.229889	2
175.238889	175.244889	2
175.252889	175.469889	1
175.472889	175.493889	1
175.498889	175.504889	2
175.581889	175.584889	2
175.616889	175.624889	2
175.628889	175.631889	2
175.645889	175.651889	2
175.734889	175.906889	1
176.201889	176.204889	2
176.214889	176.378889	1
176.381889	176.417889	1
176.475889	176.480889	2
176.486889	176.717889	1
176.724889	176.779889	1
177.104889	177.107889	2
177.110889	177.343889	1
177.476889	177.482889	2
177.503889	177.837889	1
177.879889	177.883889	2
177.894889	177.898889	2
177.935889	178.116889	1
178.137889	178.146889	2
178.158889	178.182889	2
178.210889	178.466889	1
178.470889	178.496889	1
178.499889	178.639889	1
178.650889	178.653889	2
178.658889	178.928889	1
178.958889	178.999889	2
179.003889	179.111889	2
179.117889	179.398889	1
179.411889	179.454889	2
179.467889	179.479889	2
179.481889	179.500889	2
179.517889	179.524889	2
179.530889	179.793889	1
179.836889	179.847889	2
179.921889	179.933889	2
180.127889	180.185889	1
180.187889	180.271889	1
180.301889	180.347889	1
180.354889	180.362889	2
180.370889	180.384889	2
180.408889	180.436889	1
180.465889	180.469889	2
180.481889	180.505889	2
180.518889	180.776889	1
180.784889	180.798889	2
180.801889	180.870889	2
180.872889	180.878889	2
180.882889	181.131889	1
181.149889	181.161889	2
181.174889	181.210889	2
181.239889	181.272889	2
181.285889	181.506889	1
181.517889	181.641889	1
181.644889	181.662889	2
181.669889	181.672889	2
181.677889	181.700889	2
181.703889	181.989889	1
182.026889	182.029889	2
182.033889	182.039889	2
182.200889	182.206889	2
182.209889	182.215889	2
182.227889	182.438889	1
182.445889	182.454889	2
182.465889	182.468889	2
182.506889	182.798889	1
182.800889	182.810889	2
182.816889	182.833889	2
182.861889	182.876889	2
182.879889	182.892889	2
182.898889	182.944889	2
182.947889	183.288889	1
183.308889	183.427889	2
183.446889	183.451889	2
183.462889	183.717889	1
183.730889	183.738889	2
183.746889	183.783889	2
183.797889	183.815889	2
183.824889	183.827889	2
183.830889	183.834889	2
183.839889	183.901889	2
183.903889	183.909889	2
183.928889	183.933889	2
183.944889	184.208889	1
184.224889	184.228889	2
184.250889	184.253889	2
184.260889	184.263889	2
184.275889	184.285889	2
184.318889	184.340889	2
184.353889	184.356889	2
184.363889	184.368889	2
184.382889	184.391889	2
184.454889	184.467889	2
184.548889	184.551889	2
184.563889	184.659889	1
184.731889	184.853889	1
184.863889	184.873889	2
184.891889	184.909889	2
184.915889	184.940889	1
184.957889	185.017889	1
185.020889	185.095889	1
185.100889	185.267889	1
185.271889	185.310889	1
185.323889	185.365889	2
185.369889	185.418889	2
185.421889	185.429889	2
185.434889	185.475889	2
185.478889	185.494889	2
185.496889	185.548889	2
185.551889	185.570889	2
185.578889	185.581889	2
185.584889	185.732889	1
185.771889	185.820889	1
185.824889	185.977889	1
186.010889	186.078889	2
186.082889	186.121889	2
186.125889	186.135889	2
186.138889	186.303889	1
186.310889	186.335889	1
186.339889	186.395889	1
186.405889	186.415889	2
186.420889	186.439889	2
186.495889	186.693889	1
186.702889	186.707889	2
186.820889	186.847889	2
186.859889	186.864889	2
186.880889	186.886889	2
186.898889	186.908889	2
186.910889	186.917889	2
186.978889	186.981889	2
187.031889	187.119889	1
187.137889	187.169889	1
187.250889	187.534889	1
187.555889	187.565889	2
187.586889	187.597889	2
187.960889	187.965889	2
187.977889	188.126889	1
188.190889	188.207889	2
188.211889	188.215889	2
188.218889	188.222889	2
188.228889	188.272889	2
188.278889	188.290889	2
188.299889	188.333889	2
188.343889	188.349889	2
188.351889	188.361889	2
188.368889	188.383889	2
188.388889	188.391889	2
188.397889	188.405889	2
188.410889	188.417889	2
188.422889	188.484889	1
188.487889	188.492889	2
188.495889	188.518889	1
188.521889	188.676889	1
188.682889	188.754889	1
188.768889	188.780889	2
188.788889	188.810889	1
188.815889	188.818889	2
188.824889	188.904889	1
188.917889	188.941889	1
188.947889	189.017889	1
189.019889	189.039889	1
189.052889	189.072889	1
189.088889	189.146889	1
189.160889	189.179889	1
189.185889	189.210889	1
189.216889	189.222889	2
189.225889	189.292889	1
189.297889	189.306889	2
189.374889	189.377889	2
189.408889	189.411889	2
189.451889	189.455889	2
189.465889	189.687889	1
189.689889	189.715889	1
189.725889	189.738889	2
189.741889	189.744889	2
189.750889	189.762889	2
189.769889	189.789889	2
189.803889	189.816889	2
189.818889	189.826889	2
189.831889	189.851889	2
189.859889	189.893889	2
189.918889	189.928889	2
189.930889	189.945889	2
189.965889	189.975889	2
189.998889	190.393889	1
190.411889	190.485889	2
190.488889	190.519889	2
190.525889	190.675889	1
190.687889	190.694889	2
190.703889	190.709889	2
190.724889	190.745889	2
190.749889	190.813889	2
190.824889	190.861889	2
190.867889	190.871889	2
190.874889	190.928889	2
190.935889	190.955889	2
190.973889	190.986889	2
191.019889	191.062889	1
191.096889	191.099889	2
191.151889	191.369889	1
191.379889	191.387889	2
191.393889	191.501889	1
191.507889	191.544889	2
191.551889	191.602889	1
191.609889	191.858889	1
191.861889	191.866889	2
191.874889	191.918889	1
191.921889	191.967889	2
191.977889	192.018889	1
192.020889	192.063889	2
192.074889	192.340889	1
192.358889	192.362889	2
192.402889	192.411889	2
192.413889	192.634889	1
192.640889	192.650889	2
192.654889	192.678889	2
192.684889	192.709889	2
192.714889	192.737889	2
192.742889	192.750889	2
192.768889	192.798889	2
192.804889	192.871889	2
192.874889	192.880889	2
192.892889	193.167889	1
193.174889	193.177889	2
193.185889	193.254889	1
193.257889	193.311889	1
193.337889	193.360889	2
193.374889	193.453889	1
193.460889	193.508889	1
193.528889	193.536889	2
193.538889	193.580889	1
193.627889	193.659889	1
193.664889	193.690889	2
193.710889	193.831889	1
193.871889	193.881889	1
193.891889	193.902889	1
193.911889	193.915889	2
193.918889	193.947889	2
193.953889	193.961889	2
193.971889	193.974889	2
193.992889	194.003889	1
194.012889	194.063889	2
194.066889	194.117889	2
194.137889	194.321889	1
194.324889	194.548889	1
194.551889	194.573889	2
194.612889	194.622889	2
194.627889	194.748889	1
194.750889	194.754889	2
194.764889	194.772889	2
194.801889	194.808889	2
194.813889	194.965889	1
194.982889	194.985889	2
194.988889	195.012889	2
195.017889	195.024889	2
195.032889	195.174889	1
195.187889	195.202889	2
195.205889	195.233889	2
195.238889	195.452889	1
195.458889	195.488889	1
195.491889	195.516889	2
195.543889	195.825889	1
195.828889	195.889889	2
195.891889	195.937889	2
195.939889	195.947889	2
195.952889	195.967889	2
195.969889	195.974889	2
195.977889	196.043889	1
196.054889	196.073889	2
196.079889	196.118889	2
196.130889	196.137889	2
196.145889	196.225889	2
196.236889	196.259889	2
196.261889	196.280889	2
196.283889	196.394889	1
196.396889	196.405889	1
196.414889	196.443889	2
196.464889	196.571889	1
196.590889	196.594889	2
196.596889	196.602889	2
196.604889	196.607889	2
196.609889	196.620889	2
196.622889	196.628889	2
196.633889	196.642889	2
196.645889	196.662889	2
196.665889	196.670889	2
196.678889	196.692889	2
196.696889	196.724889	2
196.726889	196.756889	2
196.766889	196.771889	2
196.776889	196.811889	2
196.815889	196.827889	2
196.836889	196.879889	1
196.891889	197.017889	1
197.027889	197.073889	2
197.076889	197.175889	2
197.187889	197.192889	2
197.198889	197.252889	1
197.265889	197.300889	1
197.303889	197.308889	2
197.318889	197.323889	2
197.355889	197.370889	2
197.382889	197.411889	2
197.420889	197.450889	2
197.928889	198.044889	1
198.132889	198.593889	1
198.598889	198.703889	1
199.122889	199.133889	2
199.140889	199.210889	1
199.212889	199.215889	2
199.255889	199.260889	2
199.278889	199.297889	2
199.309889	199.312889	2
199.318889	199.368889	2
199.379889	199.403889	2
199.408889	199.414889	2
199.423889	199.433889	2
199.446889	199.454889	2
199.457889	199.461889	2
199.472889	199.477889	2
199.479889	199.484889	2
199.499889	199.607889	1
199.633889	199.646889	2
199.649889	199.652889	2
199.660889	199.664889	2
199.675889	199.802889	1
199.814889	199.818889	2
199.833889	200.071889	1
200.075889	200.115889	2
200.122889	200.152889	2
200.162889	200.199889	2
200.204889	200.261889	2
200.268889	200.314889	2
200.316889	200.369889	2
200.392889	200.396889	2
200.403889	200.409889	2
200.431889	200.489889	1
200.541889	200.596889	1
200.598889	200.856889	1
200.872889	200.924889	1
200.932889	200.967889	1
200.989889	201.003889	2
201.027889	201.037889	2
201.040889	201.228889	1
201.231889	201.285889	1
201.289889	201.295889	2
201.301889	201.306889	2
201.323889	201.327889	2
201.331889	201.335889	2
201.352889	201.391889	2
201.394889	201.424889	2
201.459889	201.478889	2
201.486889	201.493889	2
201.664889	201.718889	1
201.721889	201.737889	2
201.824889	201.962889	1
201.965889	201.970889	2
201.979889	201.983889	2
201.991889	201.997889	2
202.008889	202.024889	2
202.374889	202.386889	1
202.388889	202.544889	1
202.690889	202.755889	1
202.757889	203.099889	1
203.138889	203.153889	2
203.659889	203.670889	2
203.674889	203.888889	1
203.908889	203.916889	2
203.921889	203.925889	2
203.946889	203.973889	2
203.977889	203.980889	2
203.985889	204.004889	2
204.007889	204.015889	2
204.031889	204.034889	2
204.041889	204.047889	2
204.057889	204.088889	2
204.124889	204.132889	2
204.145889	204.171889	1
204.196889	204.201889	2
204.245889	204.288889	1
204.329889	204.351889	1
204.397889	204.445889	1
204.448889	204.491889	1
204.539889	204.630889	1
204.858889	204.868889	2
204.880889	205.033889	1
205.330889	205.439889	1
205.443889	205.467889	1
205.470889	205.473889	2
205.884889	205.890889	2
205.992889	205.998889	2
206.004889	206.082889	1
206.194889	206.302889	1
206.367889	206.486889	1
206.548889	206.551889	2
206.553889	206.664889	1
206.733889	206.736889	2
206.738889	206.860889	1
206.990889	207.179889	1
207.226889	207.236889	2
207.242889	207.247889	2
207.277889	207.282889	2
207.393889	207.402889	2
207.405889	207.668889	1
207.803889	207.815889	2
207.817889	207.826889	2
208.220889	208.387889	1
