3.223816	3.506816	1
3.509816	3.517816	2
3.535816	3.540816	2
3.548816	3.560816	2
3.569816	3.571816	2
3.583816	3.595816	2
3.630816	3.650816	2
3.652816	3.721816	1
4.136150	4.240150	1
4.266150	4.272150	2
4.290150	4.322150	1
4.339150	4.353150	1
4.399150	4.420150	1
4.423150	4.449150	1
5.148509	5.180509	1
5.186509	5.193509	2
5.203509	5.376509	1
5.395509	5.474509	1
5.484509	5.487509	2
122.213451	122.495451	1
139.268615	139.523615	1
161.324564	161.595564	1
167.033975	167.353975	1
171.961297	172.217297	1
176.070735	176.332735	1
178.774971	178.851971	1
178.937971	179.147971	1
179.157971	179.295971	1
179.302971	179.306971	2
179.881971	179.928971	1
179.932971	179.975971	1
179.982971	179.986971	2
179.992971	180.015971	1
180.049971	180.055971	1
180.063971	180.128971	1
180.204971	180.217971	1
180.554971	180.725971	1
181.084971	181.201971	1
181.256971	181.264971	1
181.270971	181.340971	1
181.392971	181.435971	1
181.446971	181.464971	1
182.078971	182.087971	2
182.089971	182.289971	1
182.298971	182.362971	1
183.025971	183.041971	1
183.053971	183.063971	1
183.084971	183.131971	1
183.138971	183.159971	1
183.260971	183.282971	1
183.284971	183.302971	1
183.396971	183.460971	1
183.467971	183.555971	1
183.607971	183.661971	2
183.665971	183.694971	2
183.774971	183.819971	2
183.823971	183.840971	2
183.850971	183.855971	2
183.858971	183.866971	2
183.872971	183.886971	2
183.891971	183.899971	2
183.902971	183.914971	2
183.995971	184.005971	2
184.011971	184.202971	1
184.212971	184.235971	1
184.237971	184.265971	1
184.759971	184.787971	1
184.792971	184.822971	1
184.916971	185.297971	1
185.299971	185.340971	1
185.775971	185.815971	1
185.932971	186.008971	1
186.015971	186.221971	1
186.344971	186.352971	2
186.404971	186.420971	2
186.569971	186.573971	2
186.579971	186.584971	2
186.595971	186.600971	2
186.803971	187.028971	1
187.164971	187.235971	1
187.346971	187.399971	1
187.419971	187.441971	1
187.448971	187.470971	1
187.485971	187.514971	1
187.519971	187.549971	1
187.565971	187.609971	1
187.614971	187.635971	1
187.649971	187.678971	1
187.691971	187.697971	2
188.008971	188.155971	1
196.946012	196.954012	2
196.958012	197.153012	1
197.157012	197.177012	1
197.179012	197.212012	1
197.618012	197.781012	1
198.015012	198.079012	1
198.138012	198.500012	1
199.500012	199.512012	2
199.518012	199.711012	1
199.721012	199.737012	1
199.741012	199.771012	1
200.360012	200.362012	2
200.373012	200.611012	1
201.035012	201.057012	2
201.060012	201.063012	2
201.073012	201.098012	2
201.541012	201.543012	2
201.550012	201.771012	1
201.774012	201.791012	1
204.296643	204.474643	1
208.561642	208.829642	1
209.023642	209.103642	1
209.285642	209.417642	1
209.475642	209.867642	1
210.999765	211.002765	2
211.013765	211.172765	1
211.400765	211.474765	1
211.550765	211.562765	2
211.564765	211.744765	1
211.778765	211.783765	2
211.793765	211.966765	1
213.060857	213.063857	2
213.082857	213.273857	1
213.286857	213.299857	1
213.301857	213.334857	1
213.500857	213.658857	1
213.745857	213.850857	1
214.059857	214.139857	1
214.192857	214.224857	1
214.227857	214.509857	1
214.895857	214.904857	2
215.192857	215.404857	1
217.472413	217.666413	1
217.675413	217.722413	1
217.952413	217.961413	2
217.964413	218.016413	1
218.028413	218.118413	1
223.141983	223.356983	1
223.361983	223.388983	1
227.256275	227.461275	1
227.467275	227.490275	1
227.493275	227.524275	1
235.732781	235.940781	1
235.945781	236.001781	1
247.045316	247.244316	1
247.249316	247.302316	1
264.846507	264.930507	1
264.977507	264.980507	2
265.026507	265.031507	2
265.049507	265.161507	1
274.872163	274.952163	1
275.514949	275.597949	1
275.760667	275.830667	1
278.117400	278.185400	1
289.884864	290.080864	1
290.089864	290.137864	1
293.865896	293.869896	2
293.871896	294.073896	1
294.076896	294.130896	1
297.502379	297.714379	1
300.031938	300.117938	1
300.119938	300.122938	2
300.619560	300.711560	1
315.246631	315.310631	1
315.393631	315.476631	1
316.054384	316.301384	1
318.917638	319.175638	1
323.839795	324.087795	1
328.796967	329.009967	1
329.017967	329.029967	1
329.032967	329.061967	1
353.114993	353.302993	1
384.408161	384.418161	2
384.429161	384.730161	1
385.155161	385.320161	1
385.324161	385.381161	1
385.388161	385.411161	1
385.437161	385.559161	1
385.644161	385.767161	1
385.778161	385.782161	2
385.856161	385.865161	2
385.872161	386.054161	1
386.062161	386.136161	1
386.431161	386.503161	1
386.581161	386.619161	1
386.626161	386.643161	1
386.673161	386.711161	1
386.714161	386.724161	1
386.736161	386.783161	1
386.795161	386.806161	1
387.562161	387.652161	1
387.732161	387.872161	1
387.884161	387.907161	1
387.914161	388.051161	1
388.577161	388.609161	1
388.611161	388.814161	1
388.845161	388.953161	1
389.082161	389.086161	2
389.092161	389.230161	1
389.296161	389.374161	1
389.380161	389.580161	1
389.796161	389.862161	1
389.918161	389.921161	2
389.926161	390.115161	1
390.125161	390.176161	1
390.181161	390.262161	1
390.265161	390.315161	1
390.332161	390.398161	1
390.400161	390.505161	1
390.714161	390.719161	2
390.730161	390.795161	1
390.894161	391.147161	1
391.150161	391.189161	1
391.191161	391.215161	2
391.218161	391.234161	2
391.444161	391.636161	1
391.642161	391.659161	1
391.726161	391.868161	1
391.921161	392.218161	1
392.460161	392.526161	1
392.572161	392.727161	1
392.778161	392.856161	1
392.859161	393.030161	1
395.765529	395.768529	2
395.772529	395.823529	1
395.836529	395.890529	1
395.919529	395.989529	1
395.992529	396.019529	1
396.022529	396.026529	1
396.032529	396.075529	1
396.077529	396.101529	1
396.291529	396.345529	1
396.348529	396.353529	2
396.424529	396.483529	1
396.490529	396.729529	1
396.966529	396.969529	2
396.971529	396.985529	2
397.050529	397.093529	2
397.171529	397.179529	2
397.190529	397.359529	1
397.579529	397.650529	1
397.660529	397.747529	1
397.818529	397.823529	2
397.837529	397.839529	2
397.863529	397.941529	1
398.011529	398.033529	1
398.035529	398.053529	1
398.063529	398.111529	1
398.114529	398.146529	1
398.445529	398.588529	1
398.774529	398.787529	2
398.789529	399.069529	1
399.245529	399.255529	2
399.260529	399.409529	1
399.447529	399.455529	2
399.458529	399.471529	2
399.725529	399.903529	1
401.796692	401.959692	1
402.504692	402.747692	1
402.825692	402.872692	1
402.945692	402.991692	2
402.994692	403.136692	1
403.149692	403.190692	2
403.204692	403.252692	2
403.258692	403.271692	2
403.339692	403.519692	1
403.552692	403.554692	2
403.559692	403.586692	2
403.598692	403.621692	2
403.625692	403.628692	2
403.631692	403.634692	2
403.841692	404.046692	1
404.049692	404.098692	1
404.347692	404.415692	1
404.473692	404.677692	1
405.271692	405.442692	1
405.454692	405.514692	1
405.613692	405.789692	1
405.854692	405.999692	1
406.024692	406.229692	1
406.231692	406.243692	2
406.263692	406.316692	2
406.328692	406.380692	2
406.389692	406.408692	2
406.418692	406.424692	2
406.427692	406.430692	2
406.493692	406.496692	2
406.520692	406.525692	2
406.536692	406.552692	2
406.556692	406.570692	2
406.614692	406.617692	2
406.654692	406.828692	1
409.867602	409.971602	1
409.975602	410.023602	1
410.036602	410.162602	1
411.518165	411.594165	1
411.669165	411.805165	1
412.251165	412.436165	1
412.517165	412.532165	1
412.534165	412.551165	1
412.633165	412.791165	1
412.799165	412.819165	1
412.896165	413.339165	1
413.614165	413.671165	1
413.673165	413.675165	2
413.681165	413.801165	1
413.804165	413.893165	1
414.714165	414.716165	2
414.727165	414.920165	1
414.926165	414.930165	2
419.521581	419.527581	2
419.529581	419.709581	1
423.252081	423.455081	1
423.457081	423.463081	2
423.835593	423.919593	1
423.921593	423.925593	2
423.937593	423.940593	2
428.072969	428.317969	1
428.321969	428.327969	2
428.330969	428.337969	2
428.512969	428.587969	1
428.654969	428.939969	1
428.944969	429.010969	1
429.040969	429.094969	1
429.102969	429.106969	2
430.056962	430.228962	1
430.285962	430.370962	1
430.506962	430.578962	1
437.722191	437.992191	1
441.068265	441.393265	1
441.534265	441.578265	1
441.584265	441.601265	1
441.638265	441.649265	2
441.651265	441.692265	1
441.696265	441.699265	2
441.702265	441.740265	1
441.764265	441.922265	1
441.924265	441.943265	1
443.845660	443.857660	2
443.864660	444.048660	1
447.910112	448.119112	1
448.247112	448.331112	1
453.583219	453.592219	2
453.599219	453.605219	2
453.607219	453.679219	1
453.892219	454.048219	1
454.201219	454.268219	1
455.850826	456.043826	1
456.229826	456.293826	1
457.286931	457.450931	1
467.020110	467.231110	1
467.235110	467.237110	2
469.266221	469.316221	1
469.379221	469.710221	1
469.930221	469.978221	1
469.989221	469.994221	2
470.040221	470.223221	1
470.236221	470.271221	1
470.274221	470.325221	1
470.329221	470.353221	1
470.375221	470.381221	2
470.386221	470.517221	1
470.622221	470.627221	2
470.636221	470.646221	2
470.697221	470.702221	2
470.714221	470.728221	2
470.755221	470.759221	2
470.825221	470.829221	2
470.831221	470.852221	2
470.855221	470.871221	2
471.025221	471.050221	1
471.053221	471.075221	1
471.077221	471.181221	1
471.334221	471.338221	2
471.379221	471.389221	2
471.407221	471.422221	2
471.566221	471.611221	1
471.620221	471.629221	2
471.637221	471.672221	1
471.686221	471.701221	1
471.738221	471.768221	1
471.772221	471.802221	1
471.806221	471.820221	1
471.854221	471.937221	1
471.955221	471.958221	2
471.961221	472.022221	2
472.028221	472.047221	2
472.130221	472.147221	2
472.162221	472.170221	2
472.173221	472.181221	2
472.190221	472.217221	2
472.382221	472.391221	2
472.394221	472.404221	2
472.430221	472.437221	2
472.567221	472.575221	2
472.581221	472.588221	2
472.606221	472.631221	2
472.652221	472.655221	2
472.977221	472.985221	2
472.988221	473.168221	1
473.299221	473.356221	1
473.473221	473.477221	2
473.483221	473.542221	1
473.595221	473.620221	1
473.627221	473.646221	1
473.651221	473.656221	2
473.707221	474.047221	1
474.286221	474.480221	1
474.494221	474.508221	2
474.512221	474.542221	1
474.783221	474.834221	1
474.837221	474.931221	1
475.013221	475.141221	1
475.218221	475.279221	1
475.282221	475.329221	1
475.337221	475.356221	1
475.358221	475.369221	1
475.378221	475.382221	2
475.388221	475.439221	2
475.451221	475.520221	2
475.603221	475.707221	2
475.709221	475.751221	2
475.765221	475.776221	2
475.791221	475.815221	2
475.818221	476.017221	1
476.063221	476.067221	2
476.078221	476.086221	2
476.242221	476.251221	2
476.601221	476.665221	1
476.732221	476.768221	1
476.822221	476.828221	2
476.835221	476.963221	1
477.060221	477.078221	1
477.081221	477.103221	1
477.172221	477.303221	1
477.312221	477.327221	1
477.337221	477.343221	2
477.596221	477.693221	1
477.732221	477.864221	1
477.866221	477.886221	1
477.890221	478.090221	1
478.325221	478.402221	1
478.486221	478.590221	1
478.599221	478.604221	2
478.612221	478.735221	1
478.775221	478.786221	1
479.011221	479.085221	1
479.087221	479.206221	1
479.215221	479.236221	1
479.239221	479.269221	1
479.322221	479.447221	1
479.549221	479.702221	1
479.755221	479.896221	1
479.898221	479.901221	2
479.909221	480.136221	1
480.139221	480.192221	2
480.196221	480.254221	2
480.260221	480.487221	1
480.495221	480.540221	2
480.552221	480.622221	2
480.670221	480.848221	1
480.851221	480.982221	1
480.986221	481.009221	1
481.012221	481.069221	2
481.076221	481.095221	2
481.162221	481.168221	2
481.201221	481.213221	2
481.309221	481.351221	1
481.456221	481.729221	1
481.748221	481.849221	1
481.953221	481.965221	2
481.984221	481.993221	2
482.026221	482.031221	2
482.061221	482.076221	2
482.140221	482.144221	2
482.148221	482.175221	1
482.193221	482.198221	2
482.281221	482.322221	1
482.330221	482.334221	2
482.336221	482.344221	1
482.350221	482.378221	1
482.384221	482.405221	1
482.418221	482.505221	1
482.507221	482.626221	1
482.657221	482.730221	1
482.742221	482.779221	2
482.784221	482.800221	2
482.815221	482.823221	2
482.829221	483.023221	1
483.027221	483.047221	1
483.052221	483.090221	2
483.096221	483.123221	2
483.128221	483.141221	2
483.161221	483.408221	1
483.428221	483.463221	2
483.468221	483.488221	2
483.490221	483.526221	2
483.581221	483.597221	2
483.624221	483.640221	2
483.745221	483.753221	2
483.765221	483.851221	1
483.855221	483.891221	1
483.893221	483.969221	1
483.977221	484.156221	1
484.365221	484.368221	2
484.386221	484.400221	2
484.404221	484.411221	2
485.001221	485.098221	1
485.174221	485.176221	2
485.180221	485.192221	1
485.197221	485.215221	1
485.261221	485.334221	2
485.337221	485.380221	2
485.388221	485.416221	1
485.420221	485.557221	1
485.577221	485.823221	1
485.828221	485.854221	2
485.858221	485.924221	2
485.929221	486.183221	1
486.193221	486.231221	2
486.257221	486.419221	1
486.426221	486.448221	1
486.458221	486.495221	2
486.508221	486.566221	2
486.568221	486.581221	2
486.616221	486.909221	1
486.919221	486.952221	2
486.954221	487.187221	1
487.247221	487.271221	2
487.299221	487.302221	2
487.391221	487.421221	2
487.436221	487.440221	2
487.446221	487.449221	2
487.506221	487.580221	1
487.600221	487.652221	2
487.655221	487.662221	2
487.667221	487.721221	1
487.742221	487.748221	2
487.769221	487.773221	2
487.777221	487.781221	2
487.792221	487.795221	2
487.810221	487.814221	2
487.831221	487.837221	2
487.859221	487.865221	2
487.978221	487.989221	2
488.057221	488.061221	2
488.079221	488.085221	2
488.130221	488.138221	2
488.162221	488.168221	2
488.183221	488.200221	2
488.263221	488.278221	2
488.346221	488.349221	2
488.356221	488.360221	2
488.363221	488.367221	2
488.373221	488.376221	2
488.397221	488.421221	2
488.436221	488.460221	2
488.515221	488.530221	2
488.538221	488.545221	2
488.561221	488.573221	2
488.586221	488.599221	2
488.601221	488.627221	2
488.630221	488.639221	2
488.726221	488.734221	2
488.743221	488.751221	2
488.765221	488.769221	2
488.771221	488.783221	2
488.787221	488.856221	2
488.864221	488.871221	2
488.951221	489.001221	2
489.018221	489.061221	2
489.108221	489.114221	2
489.117221	489.328221	1
489.339221	489.506221	1
489.509221	489.720221	1
489.730221	489.770221	2
489.778221	489.826221	2
489.859221	489.878221	2
489.884221	490.045221	1
490.051221	490.057221	2
490.061221	490.164221	2
490.167221	490.175221	2
490.196221	490.398221	1
490.404221	490.424221	1
490.430221	490.481221	2
490.483221	490.697221	1
490.699221	490.701221	2
490.709221	490.738221	2
490.740221	490.756221	2
490.758221	490.763221	2
490.773221	490.777221	2
490.779221	491.011221	1
491.013221	491.046221	1
491.055221	491.060221	2
491.063221	491.100221	2
491.112221	491.154221	2
491.157221	491.358221	1
491.362221	491.384221	1
491.391221	491.429221	2
491.439221	491.459221	2
491.462221	491.746221	1
491.760221	491.847221	2
491.852221	491.947221	1
491.949221	492.065221	1
492.068221	492.100221	1
492.104221	492.384221	1
492.387221	492.441221	2
492.443221	492.486221	2
492.493221	492.746221	1
492.748221	492.779221	1
492.783221	492.786221	2
492.789221	492.792221	2
492.798221	492.829221	2
492.837221	492.869221	2
492.876221	493.066221	1
493.071221	493.110221	2
493.114221	493.390221	1
493.396221	493.496221	2
493.509221	493.601221	1
493.603221	493.673221	1
493.676221	493.697221	1
493.705221	493.751221	2
493.759221	493.788221	2
493.799221	493.820221	2
493.822221	494.038221	1
494.040221	494.092221	2
494.094221	494.121221	2
494.131221	494.216221	1
494.218221	494.339221	1
494.347221	494.372221	1
494.378221	494.409221	2
494.414221	494.628221	1
494.632221	494.641221	1
494.646221	494.673221	1
494.694221	494.717221	2
494.719221	494.965221	1
494.969221	494.994221	1
495.005221	495.043221	2
495.055221	495.070221	2
495.072221	495.292221	1
495.294221	495.430221	1
495.447221	495.721221	1
495.736221	495.738221	2
495.740221	495.787221	2
495.789221	495.793221	2
495.796221	495.833221	2
495.841221	495.858221	2
495.860221	495.893221	1
495.896221	496.010221	1
496.020221	496.071221	1
496.097221	496.215221	1
496.219221	496.256221	2
496.262221	496.515221	1
496.535221	496.794221	1
496.818221	496.862221	2
496.867221	496.925221	2
496.931221	497.029221	1
497.034221	497.172221	1
497.186221	497.215221	1
497.220221	497.248221	1
497.272221	497.341221	2
497.350221	497.591221	1
497.616221	497.677221	2
497.685221	497.767221	1
497.770221	497.890221	1
497.894221	497.921221	1
497.926221	497.953221	1
497.994221	498.024221	2
498.032221	498.224221	1
498.234221	498.248221	2
498.251221	498.312221	1
498.320221	498.363221	1
498.365221	498.397221	1
498.404221	498.495221	2
498.511221	498.763221	1
498.765221	498.768221	2
498.778221	498.841221	2
498.846221	498.872221	2
498.900221	498.907221	2
498.927221	498.930221	2
498.966221	498.990221	2
499.003221	499.030221	2
499.039221	499.251221	1
499.253221	499.283221	1
499.298221	499.305221	2
499.308221	499.364221	2
499.369221	499.392221	2
499.446221	499.696221	1
499.706221	499.739221	2
499.763221	499.774221	2
499.786221	499.788221	2
499.791221	500.057221	1
500.180221	500.394221	1
500.400221	500.423221	1
500.425221	500.460221	1
500.487221	500.520221	2
500.526221	500.903221	1
500.929221	501.021221	2
501.032221	501.177221	1
501.180221	501.198221	1
501.210221	501.271221	2
501.277221	501.297221	2
501.310221	501.312221	2
501.315221	501.318221	2
501.421221	501.429221	2
501.445221	501.455221	2
501.475221	501.479221	2
501.483221	501.641221	1
501.644221	501.662221	2
501.678221	501.682221	2
501.684221	501.701221	2
501.707221	501.712221	2
501.721221	501.727221	2
501.736221	501.747221	2
501.842221	501.999221	1
502.002221	502.136221	1
502.287221	502.297221	2
502.300221	502.466221	1
502.481221	502.484221	1
502.491221	502.496221	1
502.508221	502.514221	1
502.654221	502.661221	2
502.729221	502.740221	2
502.876221	502.880221	2
502.883221	502.909221	2
502.995221	502.998221	2
503.047221	503.055221	2
503.057221	503.060221	2
503.062221	503.069221	2
503.127221	503.133221	2
503.190221	503.198221	2
503.217221	503.235221	2
503.252221	503.254221	2
503.256221	503.299221	2
503.401221	503.414221	2
503.438221	503.459221	2
503.539221	503.568221	1
503.571221	503.580221	2
503.594221	503.602221	2
503.604221	503.613221	2
503.626221	503.684221	1
503.710221	503.799221	1
503.821221	503.882221	1
503.885221	503.904221	1
503.908221	503.949221	2
503.952221	503.955221	2
503.957221	504.152221	1
504.155221	504.269221	2
504.309221	504.316221	2
504.319221	504.330221	2
504.335221	504.339221	2
504.386221	504.404221	2
504.415221	504.419221	2
504.507221	504.519221	2
504.522221	504.539221	2
504.554221	504.557221	2
504.562221	504.590221	2
504.599221	504.604221	2
504.657221	504.793221	1
504.807221	504.847221	1
504.851221	504.860221	2
504.875221	504.891221	1
504.927221	504.963221	1
504.983221	505.031221	1
505.062221	505.107221	2
505.113221	505.156221	2
505.229221	505.235221	2
505.237221	505.242221	2
505.257221	505.367221	1
505.707221	505.748221	1
505.791221	505.824221	1
505.871221	505.915221	1
505.926221	505.937221	1
505.954221	506.085221	1
506.096221	506.145221	1
506.155221	506.319221	1
506.336221	506.423221	1
506.643221	506.647221	2
506.650221	506.730221	1
506.791221	506.851221	1
506.860221	506.963221	1
506.969221	507.013221	1
507.035221	507.184221	1
507.186221	507.297221	1
507.305221	507.377221	1
507.383221	507.438221	1
507.658221	507.662221	2
507.665221	507.687221	1
507.697221	507.721221	1
507.755221	507.797221	1
507.875221	508.256221	1
508.501221	508.575221	1
508.677221	508.870221	1
508.880221	508.893221	1
508.896221	509.024221	1
509.028221	509.070221	1
509.102221	509.185221	1
509.188221	509.198221	2
509.348221	509.368221	1
509.370221	509.398221	1
509.403221	509.810221	1
509.812221	509.912221	1
509.928221	509.989221	1
509.995221	510.054221	1
510.086221	510.116221	1
510.123221	510.136221	1
510.372221	510.377221	2
510.382221	510.469221	1
510.567221	510.611221	1
510.614221	510.739221	1
510.747221	510.776221	1
510.778221	510.924221	1
510.930221	510.973221	1
510.975221	511.090221	1
511.374221	511.469221	1
511.564221	511.608221	1
511.613221	511.777221	1
511.786221	511.883221	1
511.888221	512.019221	1
512.025221	512.051221	1
512.059221	512.078221	1
512.094221	512.131221	1
512.134221	512.208221	1
512.210221	512.244221	1
512.455221	512.499221	1
512.502221	512.520221	1
512.628221	512.711221	1
512.715221	512.826221	1
512.829221	512.974221	1
512.978221	513.107221	1
513.109221	513.145221	1
513.373221	513.468221	1
513.567221	513.780221	1
513.785221	514.141221	1
514.531221	514.547221	1
514.555221	514.580221	1
514.695221	514.711221	2
514.719221	514.923221	1
514.929221	515.154221	1
515.594221	515.876221	1
517.301221	517.307221	2
517.358221	517.362221	2
517.367221	517.373221	2
517.970221	517.993221	1
517.997221	518.188221	1
518.279221	518.348221	1
518.444221	518.567221	1
518.574221	518.603221	1
518.647221	518.696221	1
518.702221	518.722221	1
518.739221	518.745221	2
518.754221	518.767221	1
518.772221	518.792221	1
518.807221	518.866221	1
526.504416	526.538416	1
526.621416	526.648416	1
526.688416	526.723416	1
526.745416	526.748416	2
526.820416	526.824416	2
526.832416	526.877416	1
526.968416	527.031416	1
527.352416	527.370416	1
527.373416	527.397416	1
527.402416	527.475416	1
527.492416	527.588416	1
527.595416	527.603416	1
527.609416	527.685416	1
527.687416	527.711416	1
527.720416	527.878416	1
527.886416	527.950416	1
527.991416	528.039416	2
528.042416	528.051416	2
528.055416	528.060416	2
528.072416	528.081416	2
528.230416	528.241416	2
528.249416	528.456416	1
528.508416	528.573416	2
528.576416	528.587416	2
528.666416	528.673416	2
528.679416	528.857416	2
528.866416	528.886416	2
528.888416	528.898416	2
528.900416	528.905416	2
528.934416	528.938416	2
528.961416	528.972416	2
529.016416	529.029416	2
529.033416	529.045416	2
529.150416	529.157416	2
529.161416	529.166416	2
529.171416	529.181416	2
529.198416	529.200416	2
529.210416	529.242416	2
529.256416	529.260416	2
529.506416	529.683416	1
529.796416	529.895416	1
529.919416	529.926416	2
529.931416	530.031416	1
530.089416	530.116416	2
530.123416	530.138416	2
530.287416	530.291416	2
530.299416	530.316416	2
530.342416	530.363416	2
530.523416	530.539416	2
530.573416	530.611416	2
530.784416	530.788416	2
530.809416	530.812416	2
530.860416	530.868416	2
530.999416	531.159416	1
531.177416	531.208416	1
531.218416	531.301416	1
531.344416	531.384416	2
531.395416	531.418416	2
531.428416	531.455416	2
531.537416	531.549416	2
531.554416	531.675416	1
531.680416	531.701416	1
531.707416	531.736416	1
531.775416	531.784416	2
531.788416	531.795416	2
531.878416	531.882416	2
532.091416	532.105416	2
532.108416	532.299416	1
532.302416	532.334416	1
532.381416	532.386416	2
532.448416	532.452416	2
532.626416	532.632416	2
532.649416	532.826416	1
532.844416	532.848416	2
532.899416	532.904416	2
533.145416	533.153416	2
533.162416	533.310416	1
533.632416	533.821416	1
533.831416	533.844416	1
534.109416	534.127416	2
534.130416	534.311416	1
534.316416	534.341416	1
534.421416	534.433416	2
534.625416	534.634416	2
534.643416	534.864416	1
534.866416	534.898416	1
535.028416	535.032416	2
535.267416	535.346416	1
535.352416	535.435416	1
535.809416	535.887416	1
535.890416	535.960416	1
535.962416	535.973416	1
536.510416	536.533416	1
536.545416	536.565416	1
536.568416	536.574416	1
536.634416	536.681416	1
536.692416	536.731416	1
536.735416	536.770416	1
536.825416	536.877416	1
536.908416	536.979416	1
537.010416	537.022416	1
537.034416	537.067416	1
537.095416	537.156416	1
537.168416	537.193416	1
537.630416	537.643416	1
537.646416	537.697416	1
537.713416	537.739416	1
537.752416	537.807416	1
537.812416	537.850416	1
537.861416	537.984416	1
538.827416	538.835416	1
538.843416	538.845416	2
538.847416	538.907416	1
538.930416	538.951416	1
538.954416	538.980416	1
539.600416	539.624416	1
539.628416	540.098416	1
540.764416	540.783416	1
540.791416	540.820416	1
540.824416	540.844416	1
540.867416	540.886416	1
540.974416	541.013416	1
541.073416	541.097416	1
541.160416	541.192416	1
541.199416	541.204416	2
541.242416	541.287416	1
541.338416	541.362416	1
541.406416	541.410416	2
541.429416	541.455416	1
541.494416	541.506416	2
541.515416	541.545416	1
541.577416	541.583416	2
541.600416	541.628416	1
541.643416	541.649416	2
541.688416	541.725416	1
541.781416	541.810416	1
541.876416	541.903416	1
541.961416	541.986416	1
542.003416	542.010416	2
542.067416	542.122416	1
542.153416	542.399416	1
542.402416	542.437416	1
542.776416	542.815416	1
542.878416	542.895416	1
542.902416	542.940416	1
542.951416	543.052416	1
543.060416	543.113416	1
543.121416	543.254416	1
543.283416	543.300416	1
543.305416	543.308416	2
543.311416	543.340416	1
543.346416	543.376416	1
543.408416	543.428416	1
543.442416	543.475416	1
543.483416	543.504416	1
543.694416	543.773416	1
543.960416	543.979416	1
543.981416	544.013416	1
544.015416	544.039416	1
544.053416	544.124416	1
544.130416	544.182416	1
544.196416	544.214416	1
544.242416	544.347416	1
544.391416	544.410416	1
544.414416	544.433416	1
544.530416	544.931416	1
545.115416	545.166416	1
545.270416	545.344416	1
545.346416	545.588416	1
545.607416	545.687416	1
545.708416	545.737416	1
545.751416	545.797416	1
545.800416	545.837416	1
545.937416	545.944416	2
545.952416	546.012416	1
546.023416	546.029416	2
546.153416	546.168416	1
546.176416	546.197416	1
546.212416	546.236416	1
546.249416	546.271416	1
546.273416	546.290416	1
546.299416	546.318416	1
546.328416	546.340416	1
546.354416	546.385416	1
546.407416	546.424416	1
546.489416	546.526416	1
546.603416	546.607416	2
546.612416	546.881416	1
547.008416	547.126416	1
547.134416	547.143416	2
547.145416	547.153416	2
547.370416	547.407416	1
547.437416	547.478416	1
547.487416	547.509416	1
547.543416	547.550416	1
547.570416	547.655416	1
547.659416	547.801416	1
547.828416	547.903416	1
548.040416	548.097416	1
548.192416	548.520416	1
548.524416	548.565416	1
548.661416	548.665416	2
548.675416	548.739416	1
548.830416	549.030416	1
549.035416	549.063416	1
549.072416	549.143416	1
549.150416	549.187416	1
549.280416	549.287416	2
549.293416	549.356416	1
549.463416	549.467416	2
549.474416	549.672416	1
549.674416	549.702416	1
549.715416	549.776416	1
549.779416	549.817416	1
549.868416	549.955416	1
550.093416	550.109416	2
550.113416	550.293416	1
550.298416	550.327416	1
550.335416	550.414416	1
550.484416	550.513416	1
550.515416	550.555416	1
550.658416	550.665416	2
550.667416	550.743416	1
550.745416	550.978416	1
550.982416	551.007416	1
551.021416	551.111416	1
551.140416	551.233416	1
551.240416	551.280416	1
551.356416	551.360416	2
551.372416	551.446416	1
551.575416	551.903416	1
551.928416	552.023416	1
552.098416	552.103416	2
552.114416	552.171416	1
552.288416	552.375416	1
552.377416	552.495416	1
552.500416	552.529416	1
552.533416	552.592416	1
552.595416	552.623416	1
552.714416	552.776416	1
552.903416	553.134416	1
553.145416	553.228416	1
553.263416	553.402416	1
553.469416	553.559416	1
553.568416	553.571416	2
553.665416	553.668416	2
553.677416	553.725416	1
553.729416	553.976416	1
554.037416	554.082416	1
554.088416	554.092416	2
554.185416	554.449416	1
554.476416	554.567416	1
554.569416	554.617416	1
554.684416	554.686416	2
554.692416	554.767416	1
554.907416	554.920416	1
554.926416	555.110416	1
555.115416	555.143416	1
555.149416	555.226416	1
555.299416	555.355416	1
555.454416	555.721416	1
555.828416	555.909416	1
556.034416	556.323416	1
556.383416	556.454416	1
556.544416	556.710416	1
556.715416	556.740416	1
556.742416	556.769416	1
556.835416	557.083416	1
557.119416	557.210416	1
557.212416	557.250416	1
557.325416	557.328416	2
557.334416	557.356416	1
557.361416	557.402416	1
557.492416	557.725416	1
557.737416	557.804416	1
557.811416	557.914416	1
557.955416	557.961416	2
558.034416	558.046416	1
558.051416	558.330416	1
558.336416	558.360416	2
558.428416	558.459416	1
558.461416	558.477416	1
558.602416	558.868416	1
558.971416	559.044416	1
559.178416	559.408416	1
559.417416	559.488416	1
559.554416	559.559416	2
559.567416	559.607416	1
559.610416	559.626416	1
559.754416	560.005416	1
560.024416	560.214416	1
560.315416	560.393416	1
560.508416	560.712416	1
560.714416	560.744416	1
560.750416	560.822416	1
560.825416	560.858416	1
560.944416	561.009416	1
561.113416	561.390416	1
561.498416	561.561416	1
561.688416	561.701416	1
561.704416	561.950416	1
561.954416	562.121416	1
562.220416	562.299416	1
562.325416	562.331416	2
562.407416	562.615416	1
562.619416	562.695416	1
562.855416	563.051416	1
563.096416	563.112416	2
563.119416	563.164416	1
563.206416	563.232416	1
563.242416	563.250416	2
563.256416	563.282416	2
563.284416	563.295416	2
563.299416	563.321416	2
563.323416	563.507416	1
563.513416	563.574416	1
563.576416	563.668416	1
563.670416	563.899416	1
563.913416	563.988416	2
563.990416	564.001416	2
564.056416	564.082416	2
564.090416	564.112416	2
564.193416	564.285416	1
564.366416	564.648416	1
564.882416	564.885416	2
564.938416	565.090416	1
565.143416	565.146416	2
565.153416	565.181416	1
565.191416	565.242416	1
565.252416	565.271416	1
565.277416	565.290416	1
565.312416	565.342416	2
565.347416	565.354416	2
565.359416	565.409416	2
565.423416	565.558416	1
565.565416	565.591416	1
565.599416	565.641416	2
565.645416	565.715416	2
565.743416	565.751416	2
565.765416	565.775416	2
565.780416	565.786416	2
565.814416	565.832416	2
565.834416	565.857416	2
565.883416	565.906416	2
565.915416	565.917416	2
565.935416	565.959416	2
565.962416	565.969416	2
565.983416	565.986416	2
565.991416	566.014416	2
566.146416	566.355416	1
568.385467	568.410467	1
568.423467	568.444467	1
568.452467	568.462467	2
568.464467	568.467467	2
568.475467	568.504467	1
568.506467	568.600467	1
568.655467	568.698467	1
568.705467	568.726467	1
569.958990	570.145990	1
570.517517	570.600517	1
574.164710	574.248710	1
574.405710	574.469710	1
574.519710	574.803710	1
575.480710	575.672710	1
575.678710	575.695710	1
575.698710	575.729710	1
575.830710	575.983710	1
576.651710	576.727710	1
576.941710	577.138710	1
577.237710	577.275710	1
577.386710	577.395710	1
577.402710	577.489710	1
577.907710	577.980710	1
578.030710	578.055710	1
578.057710	578.193710	1
578.771710	578.963710	1
579.514710	579.520710	2
579.523710	579.791710	1
579.901710	579.924710	2
579.927710	579.988710	1
580.221710	580.224710	2
580.229710	580.291710	1
580.554710	580.626710	1
580.697710	581.093710	1
585.895730	586.139730	1
586.146730	586.155730	2
587.327057	587.581057	1
588.627304	588.790304	1
589.398867	589.401867	2
589.403867	589.512867	1
590.129088	590.328088	1
590.336088	590.382088	1
592.885457	592.955457	1
593.024457	593.026457	2
593.030457	593.357457	1
593.546457	593.549457	2
593.552457	593.616457	1
598.730417	598.737417	2
598.739417	598.926417	1
599.050417	599.111417	1
599.200417	599.216417	2
599.218417	599.282417	1
599.323417	599.488417	1
599.543417	599.550417	2
599.558417	599.824417	1
599.940417	600.000417	1
600.033417	600.126417	1
600.131417	600.206417	1
600.405417	600.408417	2
600.417417	600.591417	1
600.746417	600.965417	1
600.994417	600.999417	2
601.003417	601.042417	1
601.056417	601.086417	1
601.108417	601.143417	1
601.210417	601.234417	1
601.284417	601.307417	1
601.379417	601.441417	1
601.447417	601.637417	1
601.909417	601.931417	1
601.945417	601.978417	1
602.048417	602.193417	1
602.198417	602.248417	1
602.331417	602.505417	1
602.549417	602.551417	2
602.559417	602.566417	2
602.570417	602.696417	1
602.758417	602.761417	2
602.764417	602.946417	1
602.948417	602.973417	1
602.988417	603.013417	2
603.016417	603.026417	2
603.028417	603.047417	2
603.057417	603.074417	2
603.154417	603.201417	1
603.206417	603.378417	1
603.598417	603.619417	1
603.630417	603.656417	1
603.740417	604.053417	1
604.171417	604.341417	1
604.395417	604.408417	2
604.411417	604.544417	1
604.577417	604.589417	2
604.593417	604.852417	1
604.874417	604.912417	2
604.922417	604.950417	2
604.958417	605.030417	1
605.032417	605.151417	1
605.154417	605.180417	1
605.184417	605.221417	2
605.224417	605.274417	2
605.383417	605.665417	1
605.784417	605.866417	1
605.951417	606.016417	1
606.069417	606.083417	2
606.136417	606.141417	2
606.263417	606.330417	1
606.426417	606.533417	1
606.548417	606.636417	1
606.638417	606.708417	1
606.716417	606.778417	1
606.827417	606.831417	2
606.840417	607.096417	1
607.116417	607.189417	2
607.192417	607.200417	2
607.232417	607.238417	2
607.245417	607.278417	1
607.285417	607.305417	1
607.381417	607.425417	1
607.495417	607.772417	1
607.826417	607.834417	2
607.847417	607.953417	1
607.961417	607.966417	2
607.989417	607.999417	2
608.047417	608.324417	1
608.463417	608.613417	1
608.623417	608.642417	1
608.730417	608.927417	1
608.935417	608.959417	1
608.963417	608.993417	1
609.008417	609.040417	2
609.042417	609.069417	2
609.094417	609.277417	1
609.475417	609.479417	2
609.497417	609.532417	1
609.603417	609.605417	2
609.617417	609.644417	1
609.700417	609.725417	1
609.742417	609.748417	2
609.794417	610.036417	1
610.039417	610.059417	1
610.065417	610.121417	1
610.126417	610.172417	1
610.175417	610.217417	1
610.238417	610.262417	1
610.269417	610.286417	1
610.371417	610.397417	1
610.399417	610.415417	1
610.504417	610.762417	1
610.894417	610.956417	1
610.958417	610.974417	1
611.150417	611.266417	1
611.372417	611.374417	2
611.414417	611.423417	2
611.461417	611.467417	2
611.519417	611.526417	2
611.529417	611.537417	2
611.557417	611.572417	2
611.681417	611.699417	2
611.717417	611.736417	2
611.751417	611.756417	2
611.760417	611.786417	1
611.796417	611.824417	1
611.886417	611.898417	2
611.900417	611.904417	2
611.915417	611.925417	2
611.932417	611.978417	1
611.981417	612.045417	1
612.050417	612.071417	1
612.074417	612.103417	1
612.117417	612.238417	1
612.299417	612.562417	1
612.573417	612.609417	2
612.616417	612.653417	2
612.681417	612.718417	2
612.725417	612.756417	2
612.859417	612.862417	2
612.874417	612.938417	1
613.048417	613.378417	1
613.535417	613.710417	1
613.715417	613.733417	1
613.775417	613.808417	2
613.826417	613.838417	2
613.846417	613.865417	1
613.882417	613.899417	1
613.909417	613.920417	1
613.926417	613.957417	1
613.968417	614.006417	1
614.011417	614.052417	2
614.056417	614.086417	2
614.094417	614.173417	1
614.177417	614.294417	1
614.299417	614.323417	1
614.325417	614.356417	1
614.390417	614.417417	2
614.423417	614.448417	2
614.685417	614.692417	2
614.697417	614.708417	1
614.711417	614.739417	1
614.846417	615.209417	1
615.229417	615.232417	2
615.248417	615.256417	2
615.259417	615.266417	2
615.270417	615.278417	2
615.281417	615.287417	2
615.291417	615.300417	2
615.387417	615.451417	1
615.459417	615.461417	2
615.510417	615.693417	1
615.827417	615.946417	1
616.001417	616.006417	2
616.019417	616.026417	2
616.029417	616.036417	2
616.072417	616.075417	2
616.285417	616.474417	1
616.535417	616.579417	1
616.589417	616.644417	1
616.656417	616.743417	1
616.752417	616.881417	1
616.895417	616.962417	1
616.968417	617.017417	1
617.280417	617.286417	2
618.026417	618.224417	1
618.606417	618.769417	1
618.840417	618.875417	1
618.924417	618.948417	1
619.003417	619.027417	1
619.051417	619.059417	2
619.092417	619.131417	1
619.206417	619.485417	1
619.488417	619.574417	1
619.615417	619.643417	2
619.657417	619.676417	2
619.682417	619.699417	1
619.703417	619.712417	2
619.732417	619.739417	2
619.814417	619.838417	1
619.899417	620.129417	1
620.131417	620.207417	1
620.249417	620.270417	2
620.272417	620.275417	2
620.286417	620.296417	2
620.299417	620.315417	2
620.391417	620.479417	1
620.481417	620.595417	1
620.600417	620.652417	1
620.684417	620.691417	2
620.723417	620.902417	1
621.161417	621.338417	1
621.479417	621.543417	1
621.611417	621.663417	1
621.673417	621.689417	1
621.691417	621.720417	1
621.741417	621.795417	1
621.893417	622.153417	1
622.179417	622.209417	2
622.214417	622.260417	2
622.559417	622.592417	1
622.693417	622.765417	1
622.789417	622.793417	2
622.797417	622.841417	1
622.864417	622.944417	1
623.373417	623.557417	1
625.009417	625.014417	2
625.518417	625.655417	1
625.657417	625.693417	1
625.776417	625.818417	1
625.916417	626.054417	1
626.057417	626.069417	1
626.071417	626.116417	1
626.118417	626.163417	1
626.169417	626.173417	2
626.180417	626.255417	1
626.265417	626.308417	2
626.313417	626.315417	2
626.321417	626.477417	1
626.484417	626.499417	1
626.521417	626.530417	2
626.532417	626.551417	2
626.569417	626.587417	2
626.589417	626.613417	2
626.619417	626.625417	2
626.705417	626.714417	2
626.716417	626.720417	2
626.723417	626.730417	2
626.742417	626.783417	2
626.806417	626.814417	2
626.818417	627.006417	1
627.035417	627.038417	2
627.056417	627.100417	2
627.109417	627.173417	2
627.183417	627.190417	2
627.248417	627.259417	2
627.267417	627.494417	1
627.533417	627.536417	2
627.539417	627.563417	2
627.574417	627.610417	2
627.925417	628.095417	1
628.111417	628.169417	1
629.088417	629.126417	1
629.177417	629.203417	1
629.624417	629.721417	1
629.723417	629.754417	1
629.782417	629.824417	1
629.827417	629.881417	1
629.888417	629.925417	1
629.937417	630.023417	1
630.167417	630.220417	1
630.226417	630.288417	1
630.297417	630.334417	1
631.072417	631.273417	1
631.338417	631.344417	2
631.366417	631.382417	1
631.384417	631.404417	1
631.470417	631.600417	1
631.652417	631.659417	2
631.667417	631.693417	1
631.704417	631.745417	1
631.752417	631.771417	1
631.793417	631.814417	2
631.818417	631.937417	1
631.939417	631.996417	1
632.002417	632.023417	2
632.027417	632.076417	2
632.082417	632.149417	2
632.160417	632.162417	2
632.184417	632.195417	2
632.198417	632.353417	1
632.779417	632.786417	2
633.101417	633.109417	2
633.171417	633.181417	2
635.142417	635.349417	1
635.642417	635.660417	1
635.663417	635.854417	1
635.898417	635.928417	1
635.936417	635.943417	1
635.958417	636.075417	1
636.102417	636.149417	2
636.162417	636.245417	1
636.247417	636.304417	1
636.314417	636.332417	1
636.340417	636.375417	2
636.377417	636.399417	2
636.401417	636.437417	2
636.442417	636.450417	2
636.498417	636.515417	2
636.542417	636.557417	2
636.564417	636.580417	2
636.879417	636.952417	1
637.249417	637.253417	2
637.257417	637.449417	1
637.555417	637.568417	1
637.574417	637.650417	1
637.721417	637.753417	1
637.834417	637.887417	1
637.896417	637.982417	1
638.004417	638.083417	1
638.155417	638.210417	1
671.798078	671.807078	2
671.810078	672.090078	1
672.287078	672.348078	1
672.442078	672.525078	1
672.533078	672.587078	1
672.591078	672.660078	1
672.691078	672.724078	1
672.731078	672.802078	1
672.987078	673.048078	1
673.129078	673.299078	1
673.304078	673.467078	1
673.723078	673.811078	1
673.891078	673.941078	1
673.964078	674.223078	1
674.231078	674.236078	2
674.243078	674.246078	2
674.250078	674.262078	2
675.696078	675.778078	1
675.785078	675.896078	1
699.026271	699.233271	1
699.664271	699.734271	1
699.808271	700.095271	1
701.074271	701.271271	1
701.277271	701.294271	1
701.297271	701.337271	1
701.482271	701.529271	1
701.549271	701.634271	1
702.036271	702.092271	1
702.407271	702.534271	1
702.601271	702.612271	2
702.616271	702.878271	1
704.183271	704.187271	2
704.196271	704.305271	1
704.316271	704.331271	1
704.333271	704.365271	1
704.633271	704.660271	1
704.664271	704.781271	1
704.869271	704.913271	1
704.918271	704.941271	1
704.949271	704.954271	2
704.959271	705.020271	1
705.028271	705.047271	1
705.049271	705.121271	1
705.126271	705.173271	1
705.706271	705.737271	1
705.744271	705.756271	1
705.758271	705.769271	1
705.801271	705.845271	1
705.857271	705.865271	1
705.984271	706.050271	1
706.369271	706.372271	2
706.375271	706.503271	1
706.631271	706.639271	2
706.643271	706.700271	1
708.051271	708.057271	2
708.059271	708.256271	1
708.473271	708.607271	1
708.685271	708.762271	1
708.828271	708.869271	1
708.872271	708.925271	1
708.950271	709.001271	1
709.005271	709.160271	1
709.375271	709.541271	1
709.875271	709.938271	1
709.940271	710.050271	1
710.137271	710.139271	2
710.153271	710.299271	1
710.419271	710.489271	1
710.556271	710.683271	1
710.735271	710.815271	1
710.819271	710.938271	1
710.943271	711.016271	1
711.192271	711.222271	1
711.227271	711.289271	1
711.393271	711.395271	2
711.399271	711.448271	1
711.454271	711.592271	1
711.607271	711.760271	1
711.964271	712.112271	1
712.121271	712.191271	1
712.197271	712.213271	1
712.371271	712.434271	1
712.512271	712.559271	1
712.603271	712.665271	1
712.669271	712.690271	1
712.711271	712.774271	1
713.054271	713.070271	2
713.074271	713.187271	1
713.189271	713.214271	1
713.217271	713.246271	1
713.306271	713.466271	1
713.695271	713.790271	1
713.997271	714.008271	1
714.011271	714.081271	1
714.191271	714.206271	1
714.209271	714.226271	1
714.295271	714.431271	1
714.436271	714.453271	1
714.586271	714.652271	1
714.713271	715.015271	1
715.248271	715.380271	1
715.484271	715.488271	2
715.492271	715.566271	1
715.666271	715.690271	1
715.697271	715.732271	1
715.817271	715.851271	1
715.871271	715.876271	2
715.951271	716.101271	1
716.104271	716.108271	1
716.113271	716.118271	1
716.158271	716.169271	1
716.458271	716.513271	1
716.604271	716.636271	1
716.639271	716.664271	1
716.666271	716.700271	1
716.716271	716.724271	1
716.739271	716.769271	1
716.775271	716.798271	1
716.808271	716.861271	1
716.947271	717.001271	1
717.015271	717.019271	2
717.076271	717.308271	1
717.311271	717.349271	1
717.401271	717.433271	1
717.438271	717.473271	1
717.545271	717.735271	1
717.737271	717.776271	1
717.825271	718.029271	1
718.108271	718.131271	1
718.136271	718.162271	1
718.262271	718.295271	1
718.398271	718.582271	1
718.590271	718.607271	1
718.676271	718.678271	2
718.697271	718.882271	1
718.890271	718.913271	1
718.915271	718.945271	1
719.187271	719.201271	1
719.203271	719.236271	1
719.339271	719.550271	1
719.557271	719.640271	1
719.651271	719.681271	1
719.683271	719.715271	1
719.775271	719.779271	2
719.796271	719.825271	1
719.828271	719.849271	1
719.930271	720.207271	1
720.276271	720.290271	1
720.293271	720.311271	1
720.326271	720.330271	2
720.412271	720.550271	1
720.611271	720.623271	1
720.695271	720.760271	1
720.762271	720.926271	1
720.929271	720.941271	2
720.943271	720.949271	2
721.004271	721.008271	2
721.012271	721.083271	1
721.085271	721.195271	1
721.200271	721.230271	1
721.333271	721.363271	1
721.372271	721.395271	1
721.483271	721.773271	1
721.859271	721.884271	1
721.887271	721.920271	1
721.982271	722.228271	1
722.304271	722.573271	1
722.645271	722.655271	2
722.659271	722.685271	1
722.690271	722.725271	1
722.728271	722.733271	2
722.825271	722.840271	1
722.843271	722.861271	1
722.952271	723.227271	1
723.290271	723.296271	2
723.300271	723.495271	1
723.503271	723.524271	1
723.777271	723.807271	1
723.809271	723.833271	1
723.848271	723.854271	2
723.930271	724.180271	1
724.182271	724.218271	1
724.315271	724.574271	1
724.585271	724.587271	2
724.656271	724.859271	1
724.940271	724.964271	1
724.970271	724.992271	1
724.995271	725.006271	1
725.102271	725.117271	1
725.121271	725.135271	1
725.239271	725.420271	1
725.438271	725.455271	1
725.516271	725.615271	1
725.687271	726.020271	1
726.263271	726.289271	1
726.305271	726.311271	2
726.404271	726.704271	1
726.964271	726.967271	2
726.988271	727.158271	1
727.223271	727.262271	1
727.265271	727.316271	1
727.322271	727.341271	1
727.413271	727.432271	1
727.445271	727.466271	1
727.584271	727.659271	1
727.787271	727.855271	1
727.961271	727.976271	1
727.978271	727.992271	1
728.082271	728.089271	2
728.098271	728.230271	1
728.273271	728.347271	1
728.350271	728.372271	1
728.374271	728.394271	1
728.478271	728.495271	1
728.499271	728.514271	1
728.586271	728.720271	1
728.724271	728.741271	1
728.866271	728.889271	1
728.896271	728.928271	1
728.941271	728.949271	1
729.019271	729.052271	1
729.058271	729.085271	1
729.188271	729.202271	1
729.205271	729.220271	1
729.295271	729.353271	1
729.361271	729.365271	1
729.368271	729.389271	1
729.402271	729.405271	1
729.464271	729.481271	1
729.503271	729.506271	2
729.562271	729.646271	1
729.649271	729.769271	1
729.776271	729.791271	1
730.085271	730.096271	1
730.098271	730.127271	1
730.261271	730.310271	1
730.312271	730.384271	1
730.400271	730.423271	1
730.425271	730.443271	1
730.449271	730.473271	1
730.478271	730.500271	1
730.502271	730.547271	1
730.570271	730.595271	1
730.599271	730.644271	1
730.647271	730.686271	1
730.979271	731.220271	1
732.504271	732.507271	2
732.519271	732.525271	2
733.801271	733.837271	1
733.860271	733.893271	1
733.922271	733.931271	1
733.939271	733.985271	1
733.989271	734.033271	1
734.053271	734.142271	1
734.397271	734.403271	2
735.013271	735.019271	2
735.027271	735.212271	1
735.222271	735.241271	1
735.245271	735.275271	1
735.808271	735.817271	2
735.821271	736.033271	1
736.035271	736.040271	2
736.681271	736.714271	1
736.778271	736.794271	1
736.799271	736.812271	1
736.827271	736.868271	1
736.875271	736.912271	1
736.920271	736.926271	2
737.188271	737.305271	1
737.310271	737.337271	1
737.355271	737.410271	1
737.416271	737.422271	1
737.430271	737.538271	1
737.540271	737.611271	1
738.022271	738.221271	1
738.401271	738.484271	1
738.585271	738.623271	1
738.692271	738.844271	1
738.914271	738.938271	1
738.972271	739.011271	1
739.031271	739.066271	1
742.604271	742.837271	1
742.959271	743.029271	1
743.143271	743.228271	1
743.332271	743.402271	1
743.405271	743.531271	1
743.562271	743.568271	2
743.582271	743.594271	1
743.605271	743.627271	1
743.652271	743.671271	1
743.678271	743.697271	1
743.971271	744.187271	1
744.413271	744.501271	1
744.626271	744.630271	2
744.632271	744.717271	1
744.996271	745.067271	1
745.138271	745.248271	1
745.319271	745.549271	1
745.552271	745.682271	1
746.077271	746.080271	2
746.092271	746.134271	1
746.186271	746.193271	2
746.195271	746.235271	1
746.271271	746.282271	1
746.285271	746.335271	1
746.376271	746.418271	1
746.435271	746.530271	1
746.551271	746.572271	1
746.577271	746.621271	1
746.641271	746.654271	1
746.669271	746.731271	1
746.762271	746.802271	1
746.804271	746.811271	1
746.832271	746.857271	1
746.860271	746.881271	1
747.029271	747.091271	1
747.096271	747.103271	2
747.160271	747.166271	2
747.168271	747.193271	1
747.214271	747.227271	1
747.259271	747.264271	2
747.288271	747.297271	1
747.300271	747.314271	1
747.322271	747.339271	1
747.368271	747.384271	1
747.461271	747.469271	1
747.475271	747.504271	1
747.509271	747.548271	1
747.601271	747.610271	2
747.615271	747.661271	1
747.668271	747.698271	1
747.709271	747.734271	1
747.768271	747.808271	1
747.815271	747.835271	1
747.838271	747.860271	1
747.865271	747.875271	2
747.886271	747.905271	1
747.919271	747.926271	2
747.942271	747.972271	2
747.975271	748.032271	1
748.034271	748.045271	1
748.051271	748.068271	2
748.082271	748.123271	1
748.134271	748.153271	1
748.160271	748.172271	1
748.202271	748.212271	2
748.240271	748.393271	1
748.395271	748.427271	1
748.449271	748.483271	1
748.494271	748.526271	1
748.535271	748.561271	1
748.579271	748.602271	1
748.605271	748.630271	1
748.635271	748.662271	1
748.675271	748.694271	1
748.697271	748.763271	1
748.768271	748.854271	1
748.856271	748.877271	1
748.895271	749.010271	1
749.017271	749.045271	1
749.151271	749.185271	1
749.187271	749.203271	1
749.278271	749.286271	2
749.297271	749.351271	1
749.353271	749.444271	1
749.450271	749.496271	1
749.532271	749.559271	1
749.741271	749.744271	2
749.819271	749.917271	1
750.000271	750.044271	1
750.057271	750.134271	1
750.136271	750.142271	2
750.186271	750.231271	1
750.254271	750.262271	1
750.267271	750.292271	1
750.297271	750.312271	1
750.320271	750.379271	1
750.426271	750.528271	1
750.550271	750.597271	1
750.602271	750.669271	1
750.832271	750.864271	1
750.886271	750.905271	1
750.908271	750.917271	1
750.994271	751.002271	1
751.086271	751.267271	1
751.270271	751.486271	1
751.675271	751.724271	1
751.826271	752.135271	1
752.149271	752.160271	1
752.165271	752.334271	1
752.342271	752.407271	1
752.542271	752.553271	2
752.558271	752.620271	1
752.757271	752.960271	1
752.962271	752.993271	1
752.997271	753.101271	1
753.196271	753.203271	2
753.207271	753.302271	1
753.424271	753.441271	2
753.449271	753.706271	1
753.712271	753.859271	1
753.869271	753.917271	1
753.925271	753.937271	1
753.955271	754.049271	1
754.051271	754.074271	1
754.080271	754.096271	1
754.102271	754.208271	1
754.230271	754.245271	1
754.282271	754.311271	2
754.349271	754.364271	2
754.374271	754.434271	1
754.438271	754.501271	1
754.505271	754.518271	2
754.535271	754.538271	2
754.541271	754.574271	2
754.577271	754.606271	2
754.612271	754.631271	1
754.634271	754.640271	2
754.663271	754.669271	2
754.718271	754.757271	1
754.825271	755.048271	1
755.051271	755.220271	1
755.223271	755.281271	1
755.367271	755.455271	1
755.557271	755.764271	1
755.770271	755.797271	1
755.811271	755.892271	1
756.022271	756.085271	1
756.218271	756.224271	2
756.227271	756.308271	1
756.311271	756.433271	1
756.437271	756.578271	1
756.594271	756.682271	1
756.697271	756.735271	1
756.739271	756.820271	1
756.935271	757.010271	1
757.147271	757.343271	1
757.345271	757.485271	1
757.611271	757.617271	2
757.624271	757.662271	1
757.665271	757.683271	1
757.839271	757.847271	2
757.849271	757.922271	1
757.926271	758.039271	1
758.043271	758.376271	1
758.380271	758.422271	1
758.562271	758.645271	1
758.806271	758.822271	2
758.825271	759.047271	1
759.049271	759.179271	1
759.274271	759.280271	2
759.284271	759.349271	1
759.517271	759.521271	2
759.528271	759.599271	1
759.603271	759.943271	1
760.073271	760.133271	1
760.286271	760.519271	1
760.522271	760.567271	1
760.573271	760.652271	1
760.766271	760.769271	2
760.780271	760.843271	1
760.967271	761.175271	1
761.179271	761.255271	1
761.344271	761.418271	1
761.554271	761.644271	1
761.647271	761.784271	1
761.801271	761.836271	1
761.841271	761.878271	1
762.027271	762.032271	2
762.038271	762.115271	1
762.247271	762.284271	1
762.287271	762.465271	1
762.475271	762.502271	1
762.504271	762.533271	1
762.538271	762.548271	1
762.555271	762.582271	1
762.585271	762.614271	1
762.627271	762.659271	2
762.675271	762.696271	2
762.718271	762.721271	2
762.725271	762.733271	2
762.743271	762.785271	1
762.788271	762.803271	1
762.990271	762.993271	2
762.996271	762.999271	2
763.001271	763.080271	1
763.087271	763.407271	1
763.570271	763.647271	1
763.843271	763.868271	1
763.872271	763.916271	1
763.921271	764.289271	1
764.389271	764.415271	1
764.425271	764.436271	1
764.523271	764.542271	1
764.549271	764.557271	1
764.647271	764.666271	1
764.670271	764.677271	1
764.764271	764.786271	1
764.788271	764.798271	1
764.876271	764.889271	1
764.893271	764.925271	1
764.929271	765.146271	1
765.148271	765.238271	1
765.279271	765.296271	1
765.298271	765.339271	1
765.344271	765.401271	1
765.648271	765.651271	2
765.653271	765.727271	1
765.898271	765.912271	2
765.922271	766.049271	1
766.059271	766.079271	1
766.081271	766.090271	1
766.096271	766.138271	1
766.140271	766.171271	1
766.175271	766.222271	1
766.226271	766.245271	1
766.249271	766.272271	1
766.286271	766.344271	1
766.349271	766.382271	1
766.391271	766.416271	1
766.457271	766.520271	1
766.535271	766.541271	2
766.733271	766.812271	1
766.954271	766.965271	2
766.973271	767.100271	1
767.107271	767.193271	1
767.206271	767.376271	1
767.379271	767.427271	1
767.431271	767.444271	1
767.484271	767.525271	1
767.531271	767.535271	2
767.571271	767.582271	1
767.589271	767.655271	1
767.996271	768.024271	1
768.029271	768.059271	1
768.189271	768.259271	1
768.261271	768.320271	1
768.328271	768.350271	1
768.366271	768.541271	1
768.832271	769.071271	1
769.321271	769.379271	1
770.251271	770.271271	1
770.280271	770.336271	1
770.360271	770.365271	1
770.368271	770.485271	1
770.533271	770.620271	1
770.859271	770.862271	2
770.883271	770.910271	2
770.914271	770.921271	2
770.923271	770.930271	2
770.941271	770.952271	2
771.089271	771.092271	2
771.108271	771.115271	2
771.117271	771.127271	2
771.131271	771.140271	2
771.150271	771.158271	2
771.345271	771.352271	2
771.358271	771.363271	2
771.378271	771.388271	2
771.391271	771.402271	2
771.434271	771.453271	2
771.617271	771.636271	2
771.639271	771.646271	2
771.649271	771.666271	2
771.676271	771.687271	2
771.764271	771.773271	2
771.813271	771.822271	2
772.994271	773.017271	1
773.033271	773.045271	1
773.074271	773.120271	1
773.126271	773.157271	1
773.178271	773.181271	2
773.185271	773.208271	1
780.847878	780.900878	1
780.919878	780.936878	1
780.962878	780.967878	1
781.023878	781.047878	1
781.054878	781.109878	1
781.122878	781.156878	1
786.434827	786.453827	1
786.455827	786.467827	1
786.556827	786.568827	1
786.572827	786.589827	1
786.625827	786.649827	1
786.658827	786.664827	2
786.666827	786.693827	1
787.266827	787.269827	2
787.276827	787.405827	1
787.408827	787.511827	1
787.520827	787.526827	2
787.535827	787.538827	1
787.546827	787.566827	1
787.582827	787.632827	1
787.639827	787.686827	1
787.689827	787.765827	1
789.222827	789.233827	2
789.236827	789.333827	1
789.364827	789.452827	1
789.490827	789.541827	1
789.649827	789.653827	2
789.661827	789.665827	2
789.755827	789.770827	2
789.952827	789.970827	2
789.979827	789.985827	2
789.990827	789.999827	2
790.003827	790.011827	2
790.017827	790.038827	2
790.156827	790.159827	2
790.164827	790.175827	2
790.196827	790.204827	2
790.240827	790.253827	2
790.306827	790.314827	2
790.464827	790.466827	2
790.472827	790.476827	2
790.491827	790.498827	2
790.518827	790.530827	2
790.538827	790.546827	2
791.860827	791.931827	1
791.937827	792.066827	1
792.385827	792.426827	1
792.434827	792.437827	2
792.478827	792.501827	1
792.504827	792.509827	2
792.520827	792.525827	2
792.543827	792.586827	1
792.595827	792.609827	1
792.611827	792.627827	1
792.633827	792.804827	1
792.807827	792.854827	1
792.865827	792.908827	1
792.918827	792.990827	1
792.993827	793.048827	1
793.062827	793.121827	1
793.129827	793.189827	1
793.194827	793.201827	2
793.233827	793.236827	2
793.259827	793.263827	2
793.280827	793.296827	2
793.314827	793.336827	2
793.353827	793.363827	2
793.478827	793.482827	2
793.495827	793.520827	1
793.611827	793.730827	1
793.732827	793.746827	1
793.770827	793.815827	1
793.828827	793.907827	1
794.028827	794.083827	1
794.087827	794.174827	1
794.213827	794.234827	1
794.236827	794.278827	1
794.300827	794.344827	1
794.347827	794.376827	1
794.890827	794.922827	1
794.981827	794.992827	2
794.994827	795.021827	1
795.030827	795.123827	1
795.128827	795.268827	1
795.271827	795.362827	1
795.385827	795.435827	1
795.437827	795.457827	1
795.748827	795.829827	1
795.924827	795.985827	1
795.989827	796.048827	1
796.058827	796.071827	1
796.569827	796.577827	1
796.579827	796.602827	1
796.692827	796.861827	1
796.868827	797.003827	1
797.477827	797.565827	1
797.585827	797.720827	1
797.730827	797.848827	1
797.856827	797.880827	1
797.914827	797.941827	1
797.956827	797.964827	2
797.966827	797.986827	2
797.989827	798.059827	2
798.064827	798.068827	2
798.300827	798.418827	1
798.420827	798.470827	1
798.483827	798.524827	2
798.538827	798.562827	2
798.565827	798.585827	2
798.592827	798.606827	2
798.672827	798.881827	1
798.887827	798.952827	1
803.165882	803.180882	2
803.184882	803.361882	1
803.363882	803.370882	2
803.762882	803.778882	1
803.785882	803.804882	1
803.899882	803.933882	1
803.950882	803.994882	1
804.006882	804.048882	1
804.066882	804.072882	2
804.077882	804.201882	1
804.225882	804.344882	1
804.374882	804.378882	2
804.393882	804.405882	1
804.411882	804.441882	1
804.460882	804.468882	1
804.553882	804.556882	2
804.573882	804.646882	1
805.045882	805.083882	1
805.180882	805.227882	1
805.234882	805.350882	1
805.353882	805.373882	1
805.378882	805.539882	1
805.782882	805.875882	1
805.984882	806.183882	1
806.186882	806.203882	1
806.207882	806.326882	1
806.329882	806.372882	1
806.667882	806.740882	1
806.834882	807.059882	1
807.062882	807.261882	1
807.511882	807.564882	1
807.672882	808.005882	1
808.296882	808.341882	1
808.485882	808.560882	1
808.564882	808.681882	1
808.691882	808.709882	1
808.795882	808.807882	2
809.265882	809.287882	1
809.294882	809.318882	1
809.460882	809.472882	2
809.479882	809.494882	1
809.496882	809.765882	1
809.768882	809.806882	1
810.071882	810.076882	2
810.079882	810.147882	1
810.155882	810.195882	1
810.198882	810.295882	1
810.313882	810.378882	1
810.788882	810.971882	1
811.225882	811.404882	1
811.449882	811.452882	2
811.457882	811.477882	1
811.485882	811.495882	1
811.507882	811.549882	1
811.555882	811.576882	1
811.655882	811.678882	1
811.733882	811.756882	1
811.774882	811.778882	2
811.833882	811.837882	2
811.841882	811.844882	2
811.848882	812.063882	1
812.069882	812.214882	1
812.311882	812.317882	2
812.378882	812.382882	2
812.384882	812.455882	1
812.572882	812.651882	1
812.657882	812.769882	1
812.773882	812.851882	1
812.869882	812.946882	1
812.952882	812.969882	2
813.176882	813.192882	2
813.196882	813.375882	1
813.379882	813.407882	1
813.413882	813.480882	1
813.484882	813.516882	1
813.575882	813.583882	2
813.589882	813.649882	1
813.746882	814.005882	1
814.027882	814.161882	1
814.240882	814.246882	2
814.255882	814.311882	1
814.480882	814.561882	1
814.565882	814.690882	1
814.697882	814.798882	1
814.803882	815.014882	1
815.258882	815.262882	2
815.269882	815.284882	1
815.287882	815.334882	1
815.472882	815.485882	2
815.494882	815.616882	1
815.618882	815.714882	1
815.722882	815.846882	1
815.911882	815.914882	2
815.923882	815.975882	1
815.985882	815.992882	2
815.996882	816.004882	2
816.122882	816.132882	2
816.138882	816.352882	1
816.355882	816.440882	1
816.526882	816.533882	2
816.542882	816.602882	1
816.707882	816.785882	1
816.789882	816.904882	1
816.907882	817.021882	1
817.104882	817.113882	2
817.116882	817.182882	1
817.288882	817.689882	1
817.778882	817.782882	2
817.793882	817.848882	1
818.000882	818.219882	1
818.225882	818.337882	1
818.421882	818.479882	1
818.631882	818.801882	1
818.810882	818.830882	1
818.836882	818.961882	1
819.163882	819.248882	1
819.435882	819.495882	1
819.499882	819.636882	1
